"acid"<-
structure(.Data = list(ph = c(6.400000000000001, 6.33, 6.94, 6.89, 6.82, 6.12, 
	6.46, 6.75, 6.32, 6.05, 5.95, 7.17, 6.23, 6.59, 6.85, 6.61, 6.98, 6.54, 
	7.07, 6.54, 6.52, 6.72, 6.72, 6.75, 6.55, 6.51, 6.37, 6.91, 6.96, 6.95, 
	6.68, 6.76, 6.5, 6.75, 6.39, 6.52, 6.47, 6.26, 6.28, 6.2, 6.83, 6.54, 
	6.45, 6.7, 6.73, 6.82, 6.84, 6.59, 6.77, 6.64, 7, 6.97, 6.35, 6.37, 6.7,
	6.56, 6.97, 7.63, 6.31, 6.32, 5.87, 7.04, 7.05, 6.88, 6.99, 6.76, 6.46, 
	6.3, 6.34, 6.49, 6.83, 7.43, 6.88, 6.92, 7.04, 7.2, 6.97, 7.25, 
	6.900000000000001, 8.050000000000001, 7.4, 6.85, 6.38, 7.27, 
	6.650000000000001, 6.900000000000001, 7.11, 6.82, 7.19, 7.03, 6.69, 
	6.400000000000001, 6.46, 6.52, 7.150000000000001, 6.36, 6.66, 7.04, 
	7.29, 7.36, 6.77, 6.42, 8.17, 7.09, 7.35, 7.32, 6.7, 7.44, 6.68, 6.91, 
	7.11, 6.53), t1 = c(0.2041199826559248, 0.2068258760318497, 
	0.5809249756756193, 0.3996737214810381, 0.4653828514484182, 
	-0.07058107428570727, -0.09691001300805638, 0.250420002308894, 
	-0.03621217265444472, -0.0177287669604316, -0.4814860601221125, 
	0.5308397786165204, -0.2006594505464183, 0.03342375548694973, 
	0.6655809910179531, 0.3463529744506386, 1.371437317404101, 
	0.167317334748176, 0.4857214264815799, 0, 0.1986570869544226, 
	1.186956335465412, 0.1398790864012365, 0.437750562820388, 
	0.143014800254095, 0.04139268515822507, 0.01283722470517222, 
	0.359835482339888, 0.1238516409670858, 0.2988530764097066, 
	0.2648178230095364, 0.1303337684950061, 0.04139268515822507, 
	0.06069784035361165, -0.2676062401770314, 0.271841606536499, 
	0.2855573090077737, -0.09691001300805638, -0.1487416512809247, 
	-0.2365720064370628, -0.03621217265444472, 0.255272505103306, 
	0.0969100130080564, 0.03742649794062366, 0.04532297878665748, 
	0.02938377768520966, -0.1904402853647322, -0.06550154875643228, 
	0.02530586526477026, 0.5763413502057928, 0.3747483460101038, 
	0.1522883443830564, 0, 0.2201080880400551, -0.004364805402450088, 
	-0.1674910872937636, 0.5250448070368452, 1.490941205356786, 
	0.2148438480476978, 0.2278867046136735, -0.5376020021010439, 
	0.2671717284030138, 0.1931245983544616, 0.04921802267018165, 
	0.8579352647194289, 0.3502480183341628, -0.02687214640030136, 
	0.2329961103921538, 0.3180633349627615, -0.2291479883578558, 
	0.2174839442139062, 0.6483600109809315, 0.2576785748691845, 
	0.1702617153949574, 0.312811826212088, 0.2253092817258628, 
	0.5037906830571811, 0.7201593034059568, 0.7656685547590141, 
	0.704150516839799, 0.5763413502057928, 0.255272505103306, 
	0.1702617153949574, 0.635483746814912, 0.1818435879447726, 
	0.436162647040756, 0.5740312677277188, 0.7528164311882714, 
	0.7411515988517849, 0.3443922736851106, 0.5276299008713387, 
	0.1818435879447726, 0.3463529744506386, 0.1875207208364631, 
	0.7516639462609865, 0.2648178230095364, 0.3483048630481606, 
	0.7323937598229685, 0.7275412570285563, 0.7944880466591695, 
	0.380211241711606, 0.3074960379132128, 0.1335389083702175, 
	0.9618954736678504, 0.7067177823367586, 1.199480914862356, 
	0.3443922736851106, 0.6263403673750423, 0.1072099696478684, 
	0.4424797690644486, 0.7596678446896304, -0.1487416512809247), x1 = c(
	0.00382924302072, 0.00302988694561, 0.00211882812653, 0.00448373582482, 
	0.00461987009607, 0.00244869449344, -0.00249756356304, 
	-0.00295832876704, -0.00305432144207, -0.00286059074265, 
	-0.00297752730426, 0.0266078944614, 0.0203892686745, 0.0196336924606, 
	0.0150336998193, 0.00659380613188, 0.00727272287945, 0.00302988694561, 
	1.39626340155e-005, -0.00162490081857, -0.00185179327802, 
	-0.00316602197389, -0.00727272287945, -0.00854328275937, 
	-0.00600738715165, -0.007839938684570001, -0.00883299647922, 
	-0.0116794778047, -0.0114264219533, -0.0114124602297, -0.0137300738015, 
	-0.0127702270194
	, -0.0143845075893, -0.0148399898855, -0.0133426462097, 
	0.00230208725002, 0.00107512261211, -0.000387463084248, 
	-0.000630063818283, -0.00110653851995, -0.000242600763647, 
	-0.000897099115196, -0.00373325059814, -0.00525516218906, 
	-0.0043144405257, -0.00305432144207, -0.0071610247163, -0.0102588653868,
	-0.0115625486412, -0.0117562670193, -0.0108696965271, -0.0137300738015, 
	-0.00176976293769
	, -0.00198792870868, -0.00722385494416, -0.0130267690754, 
	-0.0135206537339, 0.00688352420848, -0.00333531801666, 0.00157603166211,
	-0.00254468730307, -0.00937577137328, 0.0150284644231, 0.0116585352797, 
	0.0356024272277, 0.00812092774507, 0.00681196738693, -0.00143116949807, 
	-0.00329692098424
	, -0.00567228965101, -0.0113356707102, -0.0172011167548, 
	-0.0220713866587, -0.0205637650059, -0.022275539975, -0.0231479794736, 
	-0.0276547064687
	, -0.0272185384187, -0.0275587499466, -0.0313287689748, 
	-0.0324521892569, -0.0328411902119, -0.0356024272277, -0.0289404989273, 
	-0.0157317489022
	, 0.0088713922183, -0.0307478543642, 0.0185273552165, -0.028570642137, 
	-0.0310723304848
	, -0.0225861304155, -0.021073290689, 0.00153239848351, 
	0.007829467030460001, -0.0236819037936, -0.00093026035714, 
	-0.00293389426356, -0.027801257756, -0.0142780534387, -0.0281309959626, 
	-0.0129691780757
	, -0.00316602197389, -0.0224988861286, 0.031168277099, -0.017670538949, 
	0.0308054229456, -0.0189304555542, -0.0188484397154, -0.00460590761061, 
	0.0157404744679, 0.0183493618972, -0.000144862327409), x2 = c(
	-0.0285729739177, -0.0280389786604, -0.030668962826, -0.00989601238909, 
	-0.00857099227253
	, -0.0137754514718, -0.0139734761979, -0.0162400142901, 
	-0.0159323077171, -0.0151003491034, -0.0148638648156, 0.0263642926953, 
	0.0146886377001, 0.0139492573904, 0.00411421994908, -0.0277342399693, 
	-0.015456497741, -0.026080895029, -0.024125509637, -0.0243006883613, 
	-0.032724885777, -0.037822479152, -0.0383163621823, -0.0347336236482, 
	-0.0301222020659, -0.0227097975712, -0.0209137109163, -0.0380786738215, 
	-0.0265508492243
	, -0.0264881891704, -0.0343392951694, -0.0342837753506, 
	-0.0331491436011, -0.0332900863357, -0.0301421362911, -0.00344170075007,
	-0.00346592288314, -0.0161687861204, -0.0156830067479, -0.014804031243, 
	-0.007938393844979999
	, -0.00649365854879, -0.0179494520119, -0.013917915386, 
	-0.0104901260545, -0.008345878987900001, -0.0162713546456, 
	-0.0196274735036, -0.0199237541116, -0.0188283577309, -0.0175263732173, 
	-0.0218822719741
	, -0.0169408927983, -0.0314207363276, -0.0328444761317, 
	-0.0330224366614, -0.0347023054365, -0.0261677660064, -0.0170990161191, 
	-0.0272671563498
	, -0.010035636707, -0.0286712277186, 0.00324364907962, 
	-0.00760072108711, 0.0383163621823, 0.000868442320613, 
	-0.00538515925511, -0.00390049590829, 0.00310544024616, 
	-0.00616452945328, -0.0209179840455, -0.0302062104644, -0.0253916132697,
	-0.0198682016965, -0.0262389715044, -0.0187215226868, -0.0310049860572, 
	-0.0298189148571
	, -0.0104901260545, -0.0333185594949, -0.0204222972652, 
	-0.0324999401108, -0.0123707354975, -0.0317524764137, -0.0125488202658, 
	0.00716188704522, -0.0332003956193, -0.002237714871, -0.0160106591444, 
	-0.0322621783976
	, -0.0337541937475, -0.0222226854485, 0.00116480966385, 
	-0.0017432954424, -0.0310918386663, 0.00330206721861, -0.00126882316819,
	-0.0296993074986, -0.00352434095621, -0.0296409274844, 
	-0.00601777459532, 0.00316385842397, -0.0244972290111, 0.0192713635841, 
	-0.0313609371312
	, 0.0338680834729, -0.0290471514532, -0.0335321068924, -0.026021082053, 
	-0.0027848524099
	, -0.0017432954424, -0.0143680985477)),