Arosa<-
structure(.Data = list(year = c(1, 1, 1, 1, 1, 1, 1, 1, 1, 1, 1, 1, 2, 2, 2, 2, 
	2, 2, 2, 2, 2, 2, 2, 2, 3, 3, 3, 3, 3, 3, 3, 3, 3, 3, 3, 3, 5, 5, 6, 6, 
	6, 6, 6, 6, 6, 6, 6, 6, 6, 7, 7, 7, 7, 7, 7, 7, 7, 7, 7, 7, 7, 8, 8, 8, 
	8, 8, 8, 8, 8, 8, 8, 8, 8, 9, 9, 9, 9, 9, 9, 9, 9, 9, 9, 9, 9, 10, 10, 
	10, 10, 10, 10, 10, 10, 10, 10, 10, 10, 11, 11, 11, 11, 11, 11, 11, 11, 
	11, 11, 11, 11, 12, 12, 12, 12, 12, 12, 12, 12, 12, 12, 12, 12, 13, 13, 
	13, 13, 13, 13, 13, 13, 13, 13, 13, 13, 14, 14, 14, 14, 14, 14, 14, 14, 
	14, 14, 14, 14, 15, 15, 15, 15, 15, 15, 15, 15, 15, 15, 15, 15, 16, 16, 
	16, 16, 16, 16, 16, 16, 16, 16, 16, 16, 17, 17, 17, 17, 17, 17, 17, 17, 
	17, 17, 17, 17, 18, 18, 18, 18, 18, 18, 18, 18, 18, 18, 18, 18, 19, 19, 
	19, 19, 19, 19, 19, 19, 19, 19, 19, 19, 20, 20, 20, 20, 20, 20, 20, 20, 
	20, 20, 20, 20, 21, 21, 21, 21, 21, 21, 21, 21, 21, 21, 21, 21, 22, 22, 
	22, 22, 22, 22, 22, 22, 22, 22, 22, 22, 23, 23, 23, 23, 23, 23, 23, 23, 
	23, 23, 23, 23, 24, 24, 24, 24, 24, 24, 24, 24, 24, 24, 24, 24, 25, 25, 
	25, 25, 25, 25, 25, 25, 25, 25, 25, 25, 26, 26, 26, 26, 26, 26, 26, 26, 
	26, 26, 26, 26, 27, 27, 27, 27, 27, 27, 27, 27, 27, 27, 27, 27, 28, 28, 
	28, 28, 28, 28, 28, 28, 28, 29, 29, 29, 29, 29, 29, 29, 29, 29, 29, 29, 
	29, 30, 30, 30, 30, 30, 30, 30, 30, 30, 30, 30, 30, 31, 31, 31, 31, 31, 
	31, 31, 31, 31, 31, 31, 31, 32, 32, 32, 32, 32, 32, 32, 32, 32, 32, 32, 
	32, 33, 33, 33, 33, 33, 33, 33, 33, 33, 33, 33, 33, 34, 34, 34, 34, 34, 
	34, 34, 34, 34, 34, 34, 34, 35, 35, 35, 35, 35, 35, 35, 35, 35, 35, 35, 
	35, 36, 36, 36, 36, 36, 36, 36, 36, 36, 36, 36, 36, 37, 37, 37, 37, 37, 
	37, 37, 37, 37, 37, 37, 37, 38, 38, 38, 38, 38, 38, 38, 38, 38, 38, 38, 
	38, 39, 39, 39, 39, 39, 39, 39, 39, 39, 39, 39, 39, 40, 40, 40, 40, 40, 
	40, 40, 40, 40, 40, 40, 41, 41, 41, 41, 41, 41, 41, 41, 41, 41, 41, 42, 
	42, 42, 42, 42, 42, 42, 42, 42, 42, 42, 42, 43, 43, 43, 43, 43, 43, 43, 
	43, 43, 43, 43, 43, 44, 44, 44, 44, 44, 44, 44, 44, 44, 44, 44, 44, 45, 
	45, 45, 45, 45, 45, 45, 45, 45, 45, 45, 45, 46, 46, 46, 46, 46, 46), 
	month = c(1, 2, 3, 4, 5, 6, 7, 8, 9, 10, 11, 12, 1, 2, 3, 4, 5, 6, 7, 8,
	9, 10, 11, 12, 1, 2, 3, 4, 5, 6, 7, 8, 9, 10, 11, 12, 1, 2, 2, 3, 4, 5, 
	6, 7, 8, 9, 10, 11, 12, 1, 2, 3, 4, 5, 6, 7, 8, 9, 10, 11, 12, 1, 2, 3, 
	4, 5, 6, 7, 8, 9, 10, 11, 12, 1, 2, 3, 4, 5, 6, 7, 8, 9, 10, 11, 12, 1, 
	2, 3, 4, 5, 6, 7, 8, 9, 10, 11, 12, 1, 2, 3, 4, 5, 6, 7, 8, 9, 10, 11, 
	12, 1, 2, 3, 4, 5, 6, 7, 8, 9, 10, 11, 12, 1, 2, 3, 4, 5, 6, 7, 8, 9, 
	10, 11, 12, 1, 2, 3, 4, 5, 6, 7, 8, 9, 10, 11, 12, 1, 2, 3, 4, 5, 6, 7, 
	8, 9, 10, 11, 12, 1, 2, 3, 4, 5, 6, 7, 8, 9, 10, 11, 12, 1, 2, 3, 4, 5, 
	6, 7, 8, 9, 10, 11, 12, 1, 2, 3, 4, 5, 6, 7, 8, 9, 10, 11, 12, 1, 2, 3, 
	4, 5, 6, 7, 8, 9, 10, 11, 12, 1, 2, 3, 4, 5, 6, 7, 8, 9, 10, 11, 12, 1, 
	2, 3, 4, 5, 6, 7, 8, 9, 10, 11, 12, 1, 2, 3, 4, 5, 6, 7, 8, 9, 10, 11, 
	12, 1, 2, 3, 4, 5, 6, 7, 8, 9, 10, 11, 12, 1, 2, 3, 4, 5, 6, 7, 8, 9, 
	10, 11, 12, 1, 2, 3, 4, 5, 6, 7, 8, 9, 10, 11, 12, 1, 2, 3, 4, 5, 6, 7, 
	8, 9, 10, 11, 12, 1, 2, 3, 4, 5, 6, 7, 8, 9, 10, 11, 12, 1, 2, 3, 4, 5, 
	9, 10, 11, 12, 1, 2, 3, 4, 5, 6, 7, 8, 9, 10, 11, 12, 1, 2, 3, 4, 5, 6, 
	7, 8, 9, 10, 11, 12, 1, 2, 3, 4, 5, 6, 7, 8, 9, 10, 11, 12, 1, 2, 3, 4, 
	5, 6, 7, 8, 9, 10, 11, 12, 1, 2, 3, 4, 5, 6, 7, 8, 9, 10, 11, 12, 1, 2, 
	3, 4, 5, 6, 7, 8, 9, 10, 11, 12, 1, 2, 3, 4, 5, 6, 7, 8, 9, 10, 11, 12, 
	1, 2, 3, 4, 5, 6, 7, 8, 9, 10, 11, 12, 1, 2, 3, 4, 5, 6, 7, 8, 9, 10, 
	11, 12, 1, 2, 3, 4, 5, 6, 7, 8, 9, 10, 11, 12, 1, 2, 3, 4, 5, 6, 7, 8, 
	9, 10, 11, 12, 1, 2, 3, 4, 5, 6, 7, 8, 9, 10, 11, 2, 3, 4, 5, 6, 7, 8, 
	9, 10, 11, 12, 1, 2, 3, 4, 5, 6, 7, 8, 9, 10, 11, 12, 1, 2, 3, 4, 5, 6, 
	7, 8, 9, 10, 11, 12, 1, 2, 3, 4, 5, 6, 7, 8, 9, 10, 11, 12, 1, 2, 3, 4, 
	5, 6, 7, 8, 9, 10, 11, 12, 1, 2, 3, 4, 5, 6), thick = c(312, 300, 281, 
	267, 295, 325, 360, 365, 372, 375, 382, 350, 336, 314, 305, 280, 285, 
	316, 324, 325, 347, 359, 373, 331, 308, 295, 288, 268, 279, 313, 349, 
	401, 355, 418, 368, 345, 291, 299, 311, 335, 283, 286, 301, 318, 347, 
	370, 394, 360, 347, 334, 299, 292, 287, 293, 281, 357, 364, 399, 382, 
	390, 374, 335, 319, 309, 312, 311, 337, 334, 321, 392, 358, 365, 355, 
	328, 321, 282, 287, 291, 297, 332, 390, 367, 383, 375, 319, 331, 311, 
	288, 275, 299, 313, 329, 393, 398, 384, 373, 352, 328, 315, 303, 310, 
	298, 307, 347, 352, 395, 382, 365, 349, 324, 323, 301, 283, 280, 355, 
	337, 370, 325, 392, 384, 336, 325, 325, 296, 280, 285, 299, 320, 341, 
	385, 347, 382, 339, 331, 313, 286, 304, 284, 309, 387, 400, 418, 430, 
	403, 388, 346, 323, 310, 292, 302, 338, 362, 395, 417, 409, 417, 361, 
	348, 336, 306, 299, 309, 309, 400, 422, 373, 408, 376, 347, 325, 309, 
	284, 272, 298, 313, 338, 341, 385, 363, 348, 352, 336, 303, 291, 292, 
	303, 321, 300, 365, 385, 360, 349, 351, 319, 306, 290, 293, 298, 320, 
	377, 359, 360, 373, 376, 351, 329, 327, 297, 288, 295, 313, 336, 352, 
	380, 361, 355, 344, 318, 307, 276, 291, 297, 316, 383, 397, 393, 369, 
	361, 347, 334, 324, 307, 296, 278, 312, 341, 371, 348, 374, 353, 345, 
	345, 311, 299, 281, 286, 321, 332, 365, 378, 357, 371, 354, 335, 321, 
	284, 272, 296, 292, 352, 365, 365, 382, 374, 354, 322, 316, 292, 288, 
	287, 340, 338, 402, 417, 397, 383, 364, 332, 321, 297, 298, 278, 311, 
	378, 384, 411, 386, 385, 359, 341, 320, 317, 297, 302, 332, 335, 375, 
	373, 383, 382, 359, 326, 317, 293, 280, 266, 373, 415, 389, 362, 348, 
	329, 305, 285, 291, 284, 315, 375, 399, 374, 361, 351, 339, 332, 300, 
	292, 278, 317, 341, 402, 381, 395, 365, 360, 327, 308, 287, 284, 286, 
	312, 340, 342, 353, 375, 380, 349, 330, 321, 305, 279, 294, 322, 361, 
	351, 411, 417, 369, 369, 349, 330, 306, 312, 305, 326, 369, 367, 364, 
	390, 389, 373, 342, 330, 313, 294, 297, 328, 349, 397, 405, 400, 382, 
	353, 339, 315, 306, 299, 284, 332, 368, 333, 338, 365, 379, 349, 343, 
	322, 296, 288, 301, 304, 352, 362, 428, 400, 363, 349, 338, 302, 296, 
	271, 298, 309, 371, 408, 377, 381, 378, 352, 327, 310, 282, 273, 278, 
	293, 301, 335, 347, 378, 363, 330, 326, 323, 299, 288, 274, 310, 332, 
	390, 383, 385, 387, 345, 337, 318, 305, 275, 278, 305, 354, 338, 401, 
	380, 372, 326, 307, 282, 321, 319, 361, 362, 354, 374, 349, 358, 325, 
	317, 296, 273, 267, 304, 342, 383, 376, 379, 349, 351, 337, 335, 308, 
	275, 270, 331, 327, 419, 361, 393, 351, 364, 333, 333, 294, 281, 307, 
	345, 331, 417, 414, 419, 389, 360, 331, 323, 291, 278, 271, 309, 344, 
	349, 411, 364, 358, 358, 336, 309, 317, 278, 292, 306)),