`bond` <-
structure(list(name = c("912795JU Govt", "912795JV Govt", "912795JW Govt", 
"912795JX Govt", "912795JY Govt", "912795JZ Govt", "912795KA Govt", 
"912795KQ Govt", "912795KR Govt", "912795KS Govt", "912795KT Govt", 
"912795KU Govt", "912795KV Govt", "912795KW Govt", "912795KX Govt", 
"912795KY Govt", "912795KZ Govt", "912795LA Govt", "912795LB Govt", 
"912795LC Govt", "912795LD Govt", "912795LE Govt", "912795LF Govt", 
"912795LG Govt", "912795LH Govt", "912795LJ Govt", "912810FE Govt", 
"912810FE Govt", "912810FE Govt", "912810FE Govt", "912810FE Govt", 
"912810FE Govt", "912810FE Govt", "912810FE Govt", "912810FE Govt", 
"912810FE Govt", "912810FE Govt", "912810FE Govt", "912810FE Govt", 
"912810FE Govt", "912810FE Govt", "912810FE Govt", "912810FE Govt", 
"912810FE Govt", "912810FE Govt", "912810FE Govt", "912810FE Govt", 
"912810FE Govt", "912810FE Govt", "912810FE Govt", "912810FE Govt", 
"912810FE Govt", "912810FE Govt", "912810FE Govt", "912810FE Govt", 
"912810FE Govt", "912810FE Govt", "912810FE Govt", "912810FE Govt", 
"912810FE Govt", "912810FE Govt", "912810FE Govt", "912810FE Govt", 
"912810FE Govt", "912810FE Govt", "912810FE Govt", "912810FE Govt", 
"912810FE Govt", "912810FE Govt", "912810FE Govt", "912810FE Govt", 
"912810FE Govt", "912810FE Govt", "912810FE Govt", "912810FE Govt", 
"912810FE Govt", "912810FE Govt", "912810FE Govt", "912810FE Govt", 
"912810FF Govt", "912810FF Govt", "912810FF Govt", "912810FF Govt", 
"912810FF Govt", "912810FF Govt", "912810FF Govt", "912810FF Govt", 
"912810FF Govt", "912810FF Govt", "912810FF Govt", "912810FF Govt", 
"912810FF Govt", "912810FF Govt", "912810FF Govt", "912810FF Govt", 
"912810FF Govt", "912810FF Govt", "912810FF Govt", "912810FF Govt", 
"912810FF Govt", "912810FF Govt", "912810FF Govt", "912810FF Govt", 
"912810FF Govt", "912810FF Govt", "912810FF Govt", "912810FF Govt", 
"912810FF Govt", "912810FF Govt", "912810FF Govt", "912810FF Govt", 
"912810FF Govt", "912810FF Govt", "912810FF Govt", "912810FF Govt", 
"912810FF Govt", "912810FF Govt", "912810FF Govt", "912810FF Govt", 
"912810FF Govt", "912810FF Govt", "912810FF Govt", "912810FF Govt", 
"912810FF Govt", "912810FF Govt", "912810FF Govt", "912810FF Govt", 
"912810FF Govt", "912810FF Govt", "912810FF Govt", "912810FF Govt", 
"912810FF Govt", "912810FF Govt", "912810FG Govt", "912810FG Govt", 
"912810FG Govt", "912810FG Govt", "912810FG Govt", "912810FG Govt", 
"912810FG Govt", "912810FG Govt", "912810FG Govt", "912810FG Govt", 
"912810FG Govt", "912810FG Govt", "912810FG Govt", "912810FG Govt", 
"912810FG Govt", "912810FG Govt", "912810FG Govt", "912810FG Govt", 
"912810FG Govt", "912810FG Govt", "912810FG Govt", "912810FG Govt", 
"912810FG Govt", "912810FG Govt", "912810FG Govt", "912810FG Govt", 
"912810FG Govt", "912810FG Govt", "912810FG Govt", "912810FG Govt", 
"912810FG Govt", "912810FG Govt", "912810FG Govt", "912810FG Govt", 
"912810FG Govt", "912810FG Govt", "912810FG Govt", "912810FG Govt", 
"912810FG Govt", "912810FG Govt", "912810FG Govt", "912810FG Govt", 
"912810FG Govt", "912810FG Govt", "912810FG Govt", "912810FG Govt", 
"912810FG Govt", "912810FG Govt", "912810FG Govt", "912810FG Govt", 
"912810FG Govt", "912810FG Govt", "912810FG Govt", "912810FG Govt", 
"912810FP Govt", "912810FP Govt", "912810FP Govt", "912810FP Govt", 
"912810FP Govt", "912810FP Govt", "912810FP Govt", "912810FP Govt", 
"912810FP Govt", "912810FP Govt", "912810FP Govt", "912810FP Govt", 
"912810FP Govt", "912810FP Govt", "912810FP Govt", "912810FP Govt", 
"912810FP Govt", "912810FP Govt", "912810FP Govt", "912810FP Govt", 
"912810FP Govt", "912810FP Govt", "912810FP Govt", "912810FP Govt", 
"912810FP Govt", "912810FP Govt", "912810FP Govt", "912810FP Govt", 
"912810FP Govt", "912810FP Govt", "912810FP Govt", "912810FP Govt", 
"912810FP Govt", "912810FP Govt", "912810FP Govt", "912810FP Govt", 
"912810FP Govt", "912810FP Govt", "912810FP Govt", "912810FP Govt", 
"912810FP Govt", "912810FP Govt", "912810FP Govt", "912810FP Govt", 
"912810FP Govt", "912810FP Govt", "912810FP Govt", "912810FP Govt", 
"912810FP Govt", "912810FP Govt", "912810FP Govt", "912810FP Govt", 
"912810FP Govt", "912810FP Govt", "912810FP Govt", "912810FP Govt", 
"912810FP Govt", "912810FP Govt", "9128273J Govt", "9128273Q Govt", 
"9128273Q Govt", "9128273S Govt", "9128273S Govt", "9128273V Govt", 
"9128273V Govt", "9128273X Govt", "9128273X Govt", "9128273X Govt", 
"9128273X Govt", "9128273X Govt", "9128273X Govt", "9128273X Govt", 
"9128273X Govt", "9128273X Govt", "9128273X Govt", "9128273X Govt", 
"9128273X Govt", "9128273Z Govt", "9128273Z Govt", "9128274B Govt", 
"9128274B Govt", "9128274D Govt", "9128274D Govt", "9128274F Govt", 
"9128274F Govt", "9128274F Govt", "9128274F Govt", "9128274F Govt", 
"9128274F Govt", "9128274F Govt", "9128274F Govt", "9128274F Govt", 
"9128274F Govt", "9128274F Govt", "9128274F Govt", "9128274F Govt", 
"9128274H Govt", "9128274H Govt", "9128274H Govt", "9128274K Govt", 
"9128274K Govt", "9128274K Govt", "9128274N Govt", "9128274N Govt", 
"9128274N Govt", "9128274U Govt", "9128274U Govt", "9128274U Govt", 
"9128274U Govt", "9128274V Govt", "9128274V Govt", "9128274V Govt", 
"9128274V Govt", "9128274V Govt", "9128274V Govt", "9128274V Govt", 
"9128274V Govt", "9128274V Govt", "9128274V Govt", "9128274V Govt", 
"9128274V Govt", "9128274V Govt", "9128274V Govt", "9128275A Govt", 
"9128275A Govt", "9128275A Govt", "9128275A Govt", "9128275F Govt", 
"9128275F Govt", "9128275F Govt", "9128275F Govt", "9128275F Govt", 
"9128275G Govt", "9128275G Govt", "9128275G Govt", "9128275G Govt", 
"9128275G Govt", "9128275G Govt", "9128275G Govt", "9128275G Govt", 
"9128275G Govt", "9128275G Govt", "9128275G Govt", "9128275G Govt", 
"9128275G Govt", "9128275G Govt", "9128275G Govt", "9128275S Govt", 
"9128275S Govt", "9128275S Govt", "9128275S Govt", "9128275S Govt", 
"9128275S Govt", "9128276J Govt", "9128276J Govt", "9128276J Govt", 
"9128276J Govt", "9128276J Govt", "9128276J Govt", "9128276J Govt", 
"9128276J Govt", "9128276J Govt", "9128276J Govt", "9128276J Govt", 
"9128276J Govt", "9128276J Govt", "9128276J Govt", "9128276J Govt", 
"9128276J Govt", "9128276J Govt", "9128276N Govt", "9128276N Govt", 
"9128276N Govt", "9128276N Govt", "9128276N Govt", "9128276N Govt", 
"9128276N Govt", "9128276N Govt", "9128276P Govt", "9128276P Govt", 
"9128276Q Govt", "9128276Q Govt", "9128276S Govt", "9128276S Govt", 
"9128276T Govt", "9128276T Govt", "9128276T Govt", "9128276T Govt", 
"9128276T Govt", "9128276T Govt", "9128276T Govt", "9128276T Govt", 
"9128276T Govt", "9128276T Govt", "9128276T Govt", "9128276T Govt", 
"9128276T Govt", "9128276T Govt", "9128276T Govt", "9128276T Govt", 
"9128276T Govt", "9128276T Govt", "9128276U Govt", "9128276U Govt", 
"9128276V Govt", "9128276V Govt", "9128276W Govt", "9128276W Govt", 
"9128276X Govt", "9128276X Govt", "9128276X Govt", "9128276X Govt", 
"9128276X Govt", "9128276X Govt", "9128276X Govt", "9128276X Govt", 
"9128276X Govt", "9128276Y Govt", "9128276Y Govt", "9128276Y Govt", 
"9128276Z Govt", "9128276Z Govt", "9128276Z Govt", "9128277A Govt", 
"9128277A Govt", "9128277A Govt", "9128277B Govt", "9128277B Govt", 
"9128277B Govt", "9128277B Govt", "9128277B Govt", "9128277B Govt", 
"9128277B Govt", "9128277B Govt", "9128277B Govt", "9128277B Govt", 
"9128277B Govt", "9128277B Govt", "9128277B Govt", "9128277B Govt", 
"9128277B Govt", "9128277B Govt", "9128277B Govt", "9128277B Govt", 
"9128277B Govt", "9128277C Govt", "9128277C Govt", "9128277C Govt", 
"9128277D Govt", "9128277D Govt", "9128277D Govt", "9128277E Govt", 
"9128277E Govt", "9128277E Govt", "9128277F Govt", "9128277F Govt", 
"9128277F Govt", "9128277F Govt", "9128277F Govt", "9128277F Govt", 
"9128277F Govt", "9128277F Govt", "9128277F Govt", "9128277F Govt", 
"9128277G Govt", "9128277G Govt", "9128277G Govt", "9128277G Govt", 
"9128277H Govt", "9128277H Govt", "9128277H Govt", "9128277H Govt", 
