"canadaTemp" <-
structure(list(temp = c(-15.3580645161290, -13.2321428571429, 
-5.82258064516129, 2.95, 10.1967741935484, 16.0033333333333, 
18.6645161290323, 17.0580645161290, 11.95, 5.96451612903226, 
-1.15666666666667, -11.0387096774194, -16.2354838709677, -14.3035714285714, 
-6.59032258064516, 2.26666666666667, 9.32903225806452, 15.3733333333333, 
17.9387096774194, 16.4580645161290, 11.02, 4.98387096774194, 
-2.35666666666667, -11.9709677419355, -9.44516129032258, -6.28571428571428, 
-2.24193548387097, 4.27666666666667, 9.76774193548387, 13.9433333333333, 
16.2483870967742, 15.6419354838710, 10.66, 5.59032258064516, 
-2.98666666666667, -8.00322580645161, -8.11290322580645, -8.26071428571428, 
-3.44193548387097, 2.31666666666667, 8.75806451612903, 14.4433333333333, 
18.2935483870968, 17.9774193548387, 13.44, 8.02903225806452, 
2.57333333333333, -4.15161290322581, -27.0419354838710, -25.6071428571429, 
-20.1806451612903, -10.2533333333333, -1.13225806451613, 6.31333333333333, 
11.8258064516129, 11.3516129032258, 5.46333333333333, -1.61290322580645, 
-12.6433333333333, -22.7548387096774, -28.8258064516129, -23.7571428571429, 
-13.0161290322581, -1.06666666666667, 7.7741935483871, 13.5366666666667, 
15.5258064516129, 12.5967741935484, 5.93, -4.14838709677419, 
-17.81, -25.4258064516129, -14.0741935483871, -10.8, -5.08064516129032, 
3.83666666666667, 10.3806451612903, 14.2033333333333, 15.9838709677419, 
15.0580645161290, 9.97, 4.52258064516129, -5.66333333333333, 
-12.0838709677419, -9.9225806451613, -8.73928571428572, -2.58709677419355, 
4.06, 10.7870967741936, 16.2066666666667, 19.2354838709677, 18.3064516129032, 
13.0033333333333, 7.3, 1.17, -6.58709677419355, -6.15806451612903, 
-6.18214285714286, -1.73870967741935, 3.62333333333333, 9.44193548387097, 
14.7766666666667, 18.3806451612903, 18.2032258064516, 13.8666666666667, 
8.49032258064516, 3.24, -2.98709677419355, -28.6290322580645, 
-28.3285714285714, -23.7032258064516, -13.81, -0.406451612903226, 
10.66, 13.9387096774194, 10.6741935483871, 3.18, -8.16129032258065, 
-21.5, -26.1419354838710, -26.2419354838710, -27.3285714285714, 
-23.8193548387097, -15.0733333333333, -4.40322580645161, 3.38666666666667, 
7.65806451612903, 6.80645161290323, 2.20333333333333, -4.80322580645161, 
-12.9933333333333, -22.4129032258064, -4.79354838709677, -0.55, 
4.55806451612903, 9.53, 14.2258064516129, 18.2933333333333, 20.8290322580645, 
20.3129032258065, 15.01, 8.50645161290323, 1.63, -3.16774193548387, 
-6.7516129032258, -6.21428571428572, -0.603225806451613, 6.30333333333333, 
12.6612903225806, 17.7166666666667, 20.2935483870968, 19.2612903225806, 
15.1966666666667, 9.06774193548387, 3.25, -3.30967741935484, 
-10.5322580645161, -9.05714285714286, -2.51290322580645, 5.72333333333333, 
12.9935483870968, 18.04, 20.8290322580645, 19.4161290322581, 
14.5166666666667, 8.28387096774194, 1.66333333333333, -6.76774193548387, 
-11.0838709677419, -9.41785714285714, -2.82903225806452, 5.63333333333333, 
12.9258064516129, 17.9733333333333, 20.7806451612903, 19.2322580645161, 
14.21, 7.8483870967742, 1.01333333333333, -7.50645161290322, 
-19.7612903225806, -15.8642857142857, -8.28387096774194, 2.77, 
10.4096774193548, 15.1333333333333, 17.4645161290323, 16.1258064516129, 
9.96333333333333, 3.58709677419355, -7.54, -16.8483870967742, 
-9.88064516129032, -5.44285714285714, -0.516129032258065, 4.86333333333333, 
9.61935483870968, 13.23, 15.3322580645161, 14.7193548387097, 
9.93666666666667, 4.71935483870968, -2.98333333333333, -8.16129032258065, 
0.935483870967742, 2.54642857142857, 3.69032258064516, 5.69, 
8.46451612903226, 10.9833333333333, 12.9419354838710, 13.3258064516129, 
11.3366666666667, 7.99354838709677, 4, 1.82258064516129, -12.7806451612903, 
-11.2785714285714, -4.6741935483871, 3.29333333333333, 10.9096774193548, 
16.38, 19.0483870967742, 17.6483870967742, 12.4966666666667, 
6.45806451612903, -0.54, -8.98387096774194, -16.4967741935484, 
-12.8357142857143, -5.65483870967742, 4.22, 11.4709677419355, 
16.3733333333333, 18.8612903225807, 18.0322580645161, 11.6233333333333, 
4.99354838709677, -5.14333333333333, -13.4870967741935, -32.3741935483871, 
-33.0071428571429, -31.2322580645161, -23.5566666666667, -10.9774193548387, 
-0.583333333333333, 4.11935483870968, 1.80967741935484, -4.98333333333334, 
-15.0483870967742, -24.4533333333333, -29.1258064516129, -23.7129032258065, 
-22.375, -15.8806451612903, -7.35, 0.909677419354839, 8.23333333333333, 
12.3709677419355, 10.9483870967742, 5.35333333333334, -1.44516129032258, 
-9.2, -19.6806451612903, -11.8161290322581, -10.6535714285714, 
-4.03548387096774, 3.92666666666667, 10.7903225806452, 15.49, 
17.9709677419355, 16.6870967741935, 11.9633333333333, 6.38064516129032, 
1.48029736616688e-16, -8.21935483870968, -4.65483870967742, -5.325, 
-2.53225806451613, 1.25666666666667, 5.79354838709677, 10.7866666666667, 
15.2064516129032, 15.2806451612903, 11.6233333333333, 7.01935483870968, 
2.95333333333333, -1.84516129032258, -5.72258064516129, -6.79642857142857, 
-2.93548387096774, 1.85, 7.49677419354839, 13.14, 17.4870967741935, 
17.6354838709677, 13.3066666666667, 8.2741935483871, 3.53333333333333, 
-2.02903225806452, -21.3419354838710, -17.425, -9.68064516129032, 
0.57, 8.7225806451613, 14.6966666666667, 17.6129032258064, 16.3741935483871, 
9.85, 3.31612903225806, -7.75333333333333, -17.8483870967742, 
-15.0580645161290, -12.6571428571429, -5.64193548387097, 2.68333333333333, 
9.04193548387097, 13.8566666666667, 17.5870967741936, 16.4838709677419, 
11.1266666666667, 5.26129032258065, -2.80666666666667, -11.3161290322581, 
-6.80645161290323, -6.1, -0.790322580645161, 6.15666666666667, 
12.4, 17.4966666666667, 20.5322580645161, 19.4935483870968, 15.1366666666667, 
8.89677419354839, 3.22, -3.31612903225806, -26.8870967741936, 
-22.2928571428571, -15.0516129032258, -2.48333333333333, 6.90967741935484, 
13.28, 16.1967741935484, 14.4677419354839, 7.29333333333333, 
0.435483870967742, -11.77, -22.1870967741936, 2.98387096774194, 
4.74642857142857, 6.38387096774194, 8.94333333333333, 12.2774193548387, 
15.23, 17.2903225806452, 17.4322580645161, 14.3566666666667, 
10.0290322580645, 5.96333333333333, 3.51935483870968, 3.51612903225806, 
4.89285714285714, 6.2483870967742, 8.52, 11.6129032258065, 14.36, 
16.2677419354839, 16.2741935483871, 13.8166666666667, 9.77741935483871, 
5.97666666666667, 3.9, -18.4354838709677, -13.2142857142857, 
-6.9741935483871, 0.546666666666667, 6.74516129032258, 11.71, 
14.0096774193548, 12.4419354838710, 7.17, 0.558064516129032, 
-9.86333333333333, -15.6935483870968, -18.3193548387097, -14.9428571428571, 
-6.79354838709677, 3.82, 11.7032258064516, 16.92, 19.5903225806452, 
18.3419354838710, 12.2433333333333, 5.50645161290323, -4.91666666666667, 
-14.5774193548387, -3.21612903225807, -3.48928571428572, 0.151612903225807, 
4.68666666666667, 9.34193548387097, 13.4033333333333, 16.2935483870968, 
16.5967741935484, 13.5933333333333, 9.24516129032258, 4.9, -0.464516129032258, 
-27.8870967741935, -24.6964285714286, -18.1516129032258, -6.20666666666667, 
5.07741935483871, 13.11, 16.5193548387097, 14.1451612903226, 
6.65, -1.49354838709677, -14.6633333333333, -23.9774193548387
),