"climate" <-
structure(list(temp = c(-6.16666666666667, -4.03333333333333, 
-9.7, -5.26666666666667, -3.1, -2.23333333333333, 0.366666666666667, 
-1.06666666666667, -6.93333333333333, -15.9666666666667, -13.2666666666667, 
-10.5666666666667, -8.83333333333333, -7.5, -4.9, -6.7, -1.76666666666667, 
-17.1, -13.5333333333333, -9.76666666666667, -10.9, -6.9, -7.33333333333333, 
2.8, 4.06666666666667, 1.93333333333333, 4.83333333333333, 1.9, 
0.6, 4.83333333333333, 3.13333333333333, 2.16666666666667, 2.13333333333333, 
6.3, 3.83333333333333, 6.93333333333333, 4.86666666666667, -0.0333333333333333, 
-0.6, -1.83333333333333, 0.4, -1.63333333333333, 1.06666666666667, 
4.6, -0.3, 0.533333333333333, -7.66666666666667, 2.46666666666667, 
3.23333333333333, 7.2, 3.8, 4.03333333333333, 0.866666666666667, 
0.333333333333333, 7.2, 3.03333333333333, 5.53333333333333, 5.13333333333333, 
8, 8.1, 8.03333333333333, 8.43333333333333, 8.96666666666667, 
9.9, 9.03333333333333, 14.8, -1.43333333333333, -2.36666666666667, 
-2.03333333333333, -2.63333333333333, -1.63333333333333, -2.03333333333333, 
-2.53333333333333, -0.6, -1.46666666666667, 1.56666666666667, 
-0.1, 0, -2.53333333333333, -11.1666666666667, -2.43333333333333, 
-1.43333333333333, -1, -12.7333333333333, -1.66666666666667, 
-3.46666666666667, -3.56666666666667, -3.66666666666667, -3, 
-2.83333333333333, -5.23333333333333, -6, -4, -2.73333333333333, 
-4.4, -2.9, -3.06666666666667, -2.36666666666667, -3.43333333333333, 
-3.6, -0.5, -1.86666666666667, -1.53333333333333, 0.5, 1.16666666666667, 
7.33333333333333, 0.5, 5.93333333333333, 1, -6.13333333333333, 
-1.83333333333333, -5.1, -1.33333333333333, -4.66666666666667, 
1.26666666666667, -0.433333333333333, 1.76666666666667, 2.2, 
4.96666666666667, 9.56666666666667, 9.16666666666667, 11.1333333333333, 
11.3333333333333, 13.1666666666667, 10.5666666666667, 12.2333333333333, 
10.1666666666667, 10.3666666666667, 12.8666666666667, 8.4, 7.83333333333333, 
3.63333333333333, 6.73333333333333, 0.966666666666667, -1.33333333333333, 
-7, 7.4, 2.46666666666667, -3.26666666666667, 2.66666666666667, 
0.166666666666667, 2.53333333333333, 9.83333333333333, 3.23333333333333, 
2.36666666666667, 6.5, 3.4, 6.66666666666667, 10.3, 11.0666666666667, 
-13.2, -24.6333333333333, -16.7666666666667, -21.2333333333333, 
-23.0333333333333, -14.3666666666667, -18.3333333333333, -21.4, 
-17.9666666666667, -33.8, -45.8666666666667, -29.6666666666667, 
-36.3333333333333, -46.0333333333333, -25.7666666666667, -38.1333333333333, 
-31.3666666666667, -36.0666666666667, -16.7, -38.9333333333333, 
-12.3333333333333, -9.33333333333333, -12.5666666666667, -9.53333333333333, 
-13.0666666666667, -16.3333333333333, -12.0666666666667, -15.2666666666667, 
-16.8333333333333, -14.5666666666667, -13.3333333333333, -22.4333333333333, 
-17.3, -16.4, -23.5666666666667, -21.8666666666667, -20.1333333333333, 
-17.7333333333333, -9.06666666666667, -11.5, -3.5, -5.6, -5.76666666666667, 
-12.4, -7, -12.3666666666667, -1.33333333333333, -0.6, -2.53333333333333, 
2.8, 4.93333333333333, 6.96666666666667, 6.8, 12.8333333333333, 
7.6, 7.86666666666667, 7.03333333333333, 14.0333333333333, 12.9333333333333, 
16, 9.2, 13.4333333333333, 18.1, 12.1, 4.63333333333333, 6.5, 
13.0666666666667, 13.5666666666667, 4.83333333333333, 11.8, 16.3333333333333, 
12.3333333333333, 19.4333333333333, 19.0333333333333, 2.6, 12.2, 
15.6666666666667, 15.2333333333333, 18.3333333333333, 21.2, 18.5, 
18.8666666666667, 22.1333333333333, 21.7666666666667, 22.2333333333333, 
22.8666666666667, 21.2333333333333, 25.2333333333333, 21.3666666666667, 
23.6333333333333, 25.2333333333333, 25.1, 21.8333333333333, 25.3, 
26.3666666666667, 26.8333333333333, 16.4, 1.53333333333333, -1, 
2.3, -3.83333333333333, -5.26666666666667, -3.06666666666667, 
-3.1, -1.86666666666667, 0.533333333333333, 0.833333333333333, 
2.03333333333333, 3.2, 3.9, 0.233333333333333, 4.13333333333333, 
4.6, 6.63333333333333, 6.86666666666667, 6.3, 10.9333333333333, 
4.86666666666667, 4.9, 6.13333333333333, 8.13333333333333, 5.83333333333333, 
6.93333333333333, 6.23333333333333, 7.36666666666667, 8.16666666666667, 
7.66666666666667, 6.63333333333333, 9.16666666666667, 14.7333333333333, 
18.1, 17.7666666666667, 16.6, 17.3666666666667, 22.3, 22.7333333333333, 
25.3, 22.2666666666667, 24.9333333333333, 24.0666666666667, 26.5666666666667, 
25.9, 26.2, 24.5, 25.2666666666667, 26.5666666666667, 27.4, 25.6333333333333, 
26.3666666666667, 26.6666666666667, 26.3333333333333, -10.6333333333333, 
-5.56666666666667, -9.26666666666667, -2.6, -4.5, -2.06666666666667, 
-6.2, -7.46666666666667, -8.06666666666667, -3.03333333333333, 
-5.46666666666667, -5.5, -10.5333333333333, -7.46666666666667, 
-1.76666666666667, 0.666666666666667, -2.6, 6.6, 10.2666666666667, 
8.93333333333333, 8.23333333333333, 1.46666666666667, 1.63333333333333, 
5.9, 3.6, 6.33333333333333, 13.9, 14.3333333333333, 12.9666666666667, 
24.9333333333333, 22.3333333333333, 24.7666666666667, 24.7666666666667, 
23, 23.1, 23.1, 18.6333333333333, 22.3, 23.7666666666667, 25.0666666666667, 
24.8666666666667, 21.4333333333333, 24.5666666666667, 25.3, 25.8666666666667, 
23.5333333333333, 22.7666666666667, 26.4666666666667, 27.2333333333333, 
13.4666666666667, 13.7666666666667, 14.3333333333333, 25.3666666666667, 
24.5333333333333, 20.8, 23.4333333333333, 27.0666666666667, 27.7, 
29.0666666666667, 29.6, 27.2333333333333, 26.7333333333333, 26.5666666666667, 
23.6333333333333, 23.4333333333333, 23.7333333333333, 24.3, 24.4333333333333, 
25.5666666666667, 24.9, 26.4666666666667, 26.1, 23.3666666666667, 
25.2333333333333, 26.2, 27.8666666666667, 27.9333333333333, 28, 
25.3333333333333, 25.6666666666667, 26.3, 26.9333333333333, 26.1333333333333, 
-22.5333333333333, -23.5666666666667, -17.1666666666667, -12.2, 
-11.8666666666667, -21.1666666666667, -10.7666666666667, -2.56666666666667, 
-1.53333333333333, -9.8, 0.5, -26.9666666666667, -26.6333333333333, 
-30.1666666666667, -29.7666666666667, -29.8, -23.4, 2.3, 2.9, 
0.666666666666667, -3.6, -4.43333333333333, -9.06666666666667, 
-12.6333333333333, -14.1, -12.3333333333333, -6.1, -12.7666666666667, 
-4.63333333333333, -15.0666666666667, -21.3, -17.6333333333333, 
-19.0666666666667, -20.5, -22.1, -17.5333333333333, -18.4, -21.8, 
-11.0666666666667, -12.4333333333333, -20.0333333333333, -21.1333333333333, 
-21.5333333333333, -26.3, -27.1, -33.5666666666667, -29.2, -31.2, 
-32.5333333333333, -26.0666666666667, -26.9, -24, -27.1333333333333, 
-21.8666666666667, 22.5333333333333, 21.1333333333333, 13.5666666666667, 
8.66666666666667, 8.73333333333333, 5.36666666666667, 10.5, 12.6, 
12.5, 17.1666666666667, 10.6333333333333, 7.83333333333333, 8.1, 
15.1, 6.93333333333333, 2.46666666666667, 2.93333333333333, 3.13333333333333, 
9.06666666666667, -0.466666666666667, -2.33333333333333, -2.8, 
-2.56666666666667, -2.46666666666667, -1.76666666666667, -0.7, 
-2.86666666666667, -3.46666666666667, 8.36666666666667, 9.8, 
-1.7, -6.03333333333333, -3.2, -4.93333333333333, -5.2, -7.03333333333333, 
-6.9, -4.46666666666667, -2.13333333333333, 0.466666666666667, 
1, 9.36666666666667, -7.76666666666667, -8.7, -10.3, -13.5333333333333, 
-11.2, -6.36666666666667, -5.1, -1.06666666666667, 2.66666666666667, 
5.53333333333333, -10.7666666666667, -11.2, -13.7, -16.5666666666667, 
-14.2333333333333, -5.63333333333333, -1.5, -3.93333333333333, 
21.9333333333333, 25.7, 25.0333333333333, 18.1, 24.8666666666667, 
25.2, 25.5666666666667, 26.9333333333333, 23.5666666666667, 26.4333333333333, 
23.8333333333333, 27.2333333333333, 18.6333333333333, 28.7666666666667, 
24.9666666666667, 27.1333333333333, 25.7333333333333, 22.1333333333333, 
22.7666666666667, 25.4333333333333, 26.5, 25.0333333333333, 22.1666666666667, 
28.0333333333333, 27.5666666666667, 27.7, 27, 27.6666666666667, 
