"horm.cort" <-
structure(list(ID = c(8001, 8001, 8001, 8001, 8001, 8001, 8001, 
8001, 8001, 8001, 8001, 8001, 8002, 8002, 8002, 8002, 8002, 8002, 
8002, 8002, 8002, 8002, 8002, 8002, 8003, 8003, 8003, 8003, 8003, 
8003, 8003, 8003, 8003, 8003, 8003, 8003, 8004, 8004, 8004, 8004, 
8004, 8004, 8004, 8004, 8004, 8004, 8004, 8004, 8005, 8005, 8005, 
8005, 8005, 8005, 8005, 8005, 8005, 8005, 8005, 8005, 8006, 8006, 
8006, 8006, 8006, 8006, 8006, 8006, 8006, 8006, 8006, 8006, 8007, 
8007, 8007, 8007, 8007, 8007, 8007, 8007, 8007, 8007, 8007, 8008, 
8008, 8008, 8008, 8008, 8008, 8008, 8008, 8008, 8008, 8008, 8008, 
8009, 8009, 8009, 8009, 8009, 8009, 8009, 8009, 8009, 8009, 8009, 
8009, 111, 111, 111, 111, 111, 111, 111, 111, 111, 111, 111, 
111, 112, 112, 112, 112, 112, 112, 112, 112, 112, 112, 112, 112, 
113, 113, 113, 113, 113, 113, 113, 113, 113, 113, 113, 113, 115, 
115, 115, 115, 115, 115, 115, 115, 115, 115, 115, 115, 116, 116, 
116, 116, 116, 116, 116, 116, 116, 116, 116, 116, 117, 117, 117, 
117, 117, 117, 117, 117, 117, 117, 117, 117, 118, 118, 118, 118, 
118, 118, 118, 118, 118, 118, 118, 118, 119, 119, 119, 119, 119, 
119, 119, 119, 119, 119, 119, 119, 122, 122, 122, 122, 122, 122, 
122, 122, 122, 122, 122, 122, 123, 123, 123, 123, 123, 123, 123, 
123, 123, 123, 123, 123, 124, 124, 124, 124, 124, 124, 124, 124, 
124, 124, 124, 124, 3039, 3039, 3039, 3039, 3039, 3039, 3039, 
3039, 3039, 3039, 3039, 3039, 3040, 3040, 3040, 3040, 3040, 3040, 
3040, 3040, 3040, 3040, 3040, 3040, 3042, 3042, 3042, 3042, 3042, 
3042, 3042, 3042, 3042, 3042, 3042, 3042, 3043, 3043, 3043, 3043, 
3043, 3043, 3043, 3043, 3043, 3043, 3043, 3044, 3044, 3044, 3044, 
3044, 3044, 3044, 3044, 3044, 3044, 3044, 3044, 3045, 3045, 3045, 
3045, 3045, 3045, 3045, 3045, 3045, 3045, 3045, 3045, 3048, 3048, 
3048, 3048, 3048, 3048, 3048, 3048, 3048, 3048, 3048, 3048, 3049, 
3049, 3049, 3049, 3049, 3049, 3049, 3049, 3049, 3049, 3049, 3049, 
3053, 3053, 3053, 3053, 3053, 3053, 3053, 3053, 3053, 3053, 3053, 
3053, 3056, 3056, 3056, 3056, 3056, 3056, 3056, 3056, 3056, 3056, 
3061, 3061, 3061, 3061, 3061, 3061, 3061, 3061, 3061, 3064, 3064, 
3064, 3064, 3064, 3064, 3064, 3064, 3064, 3064, 3064, 3064, 3066, 
3066, 3066, 3066, 3066, 3066, 3066, 3066, 3066, 3066, 3066, 3066, 
3067, 3067, 3067, 3067, 3067, 3067, 3067, 3067, 3067, 3067, 3067, 
3067, 3069, 3069, 3069, 3069, 3069, 3069, 3069, 3069, 3069, 3069, 
3069, 3069, 3075, 3075, 3075, 3075, 3075, 3075, 3075, 3075, 3075, 
3075, 3075, 3075), time = c(0.0833333333333333, 0.166666666666667, 
0.25, 0.333333333333333, 0.416666666666667, 0.5, 0.583333333333333, 
0.666666666666667, 0.75, 0.833333333333333, 0.916666666666667, 
1, 0.0833333333333333, 0.166666666666667, 0.25, 0.333333333333333, 
0.416666666666667, 0.5, 0.583333333333333, 0.666666666666667, 
0.75, 0.833333333333333, 0.916666666666667, 1, 0.0833333333333333, 
0.166666666666667, 0.25, 0.333333333333333, 0.416666666666667, 
0.5, 0.583333333333333, 0.666666666666667, 0.75, 0.833333333333333, 
0.916666666666667, 1, 0.0833333333333333, 0.166666666666667, 
0.25, 0.333333333333333, 0.416666666666667, 0.5, 0.583333333333333, 
0.666666666666667, 0.75, 0.833333333333333, 0.916666666666667, 
1, 0.0833333333333333, 0.166666666666667, 0.25, 0.333333333333333, 
0.416666666666667, 0.5, 0.583333333333333, 0.666666666666667, 
0.75, 0.833333333333333, 0.916666666666667, 1, 0.0833333333333333, 
0.166666666666667, 0.25, 0.333333333333333, 0.416666666666667, 
0.5, 0.583333333333333, 0.666666666666667, 0.75, 0.833333333333333, 
0.916666666666667, 1, 0.0833333333333333, 0.166666666666667, 
0.25, 0.333333333333333, 0.416666666666667, 0.5, 0.583333333333333, 
0.75, 0.833333333333333, 0.916666666666667, 1, 0.0833333333333333, 
0.166666666666667, 0.25, 0.333333333333333, 0.416666666666667, 
0.5, 0.583333333333333, 0.666666666666667, 0.75, 0.833333333333333, 
0.916666666666667, 1, 0.0833333333333333, 0.166666666666667, 
0.25, 0.333333333333333, 0.416666666666667, 0.5, 0.583333333333333, 
0.666666666666667, 0.75, 0.833333333333333, 0.916666666666667, 
1, 0.0833333333333333, 0.166666666666667, 0.25, 0.333333333333333, 
0.416666666666667, 0.5, 0.583333333333333, 0.666666666666667, 
0.75, 0.833333333333333, 0.916666666666667, 1, 0.0833333333333333, 
0.166666666666667, 0.25, 0.333333333333333, 0.416666666666667, 
0.5, 0.583333333333333, 0.666666666666667, 0.75, 0.833333333333333, 
0.916666666666667, 1, 0.0833333333333333, 0.166666666666667, 
0.25, 0.333333333333333, 0.416666666666667, 0.5, 0.583333333333333, 
0.666666666666667, 0.75, 0.833333333333333, 0.916666666666667, 
1, 0.0833333333333333, 0.166666666666667, 0.25, 0.333333333333333, 
0.416666666666667, 0.5, 0.583333333333333, 0.666666666666667, 
0.75, 0.833333333333333, 0.916666666666667, 1, 0.0833333333333333, 
0.166666666666667, 0.25, 0.333333333333333, 0.416666666666667, 
0.5, 0.583333333333333, 0.666666666666667, 0.75, 0.833333333333333, 
0.916666666666667, 1, 0.0833333333333333, 0.166666666666667, 
0.25, 0.333333333333333, 0.416666666666667, 0.5, 0.583333333333333, 
0.666666666666667, 0.75, 0.833333333333333, 0.916666666666667, 
1, 0.0833333333333333, 0.166666666666667, 0.25, 0.333333333333333, 
0.416666666666667, 0.5, 0.583333333333333, 0.666666666666667, 
0.75, 0.833333333333333, 0.916666666666667, 1, 0.0833333333333333, 
0.166666666666667, 0.25, 0.333333333333333, 0.416666666666667, 
0.5, 0.583333333333333, 0.666666666666667, 0.75, 0.833333333333333, 
0.916666666666667, 1, 0.0833333333333333, 0.166666666666667, 
0.25, 0.333333333333333, 0.416666666666667, 0.5, 0.583333333333333, 
0.666666666666667, 0.75, 0.833333333333333, 0.916666666666667, 
1, 0.0833333333333333, 0.166666666666667, 0.25, 0.333333333333333, 
0.416666666666667, 0.5, 0.583333333333333, 0.666666666666667, 
0.75, 0.833333333333333, 0.916666666666667, 1, 0.0833333333333333, 
0.166666666666667, 0.25, 0.333333333333333, 0.416666666666667, 
0.5, 0.583333333333333, 0.666666666666667, 0.75, 0.833333333333333, 
0.916666666666667, 1, 0.0833333333333333, 0.166666666666667, 
0.25, 0.333333333333333, 0.416666666666667, 0.5, 0.583333333333333, 
0.666666666666667, 0.75, 0.833333333333333, 0.916666666666667, 
1, 0.0833333333333333, 0.166666666666667, 0.25, 0.333333333333333, 
0.416666666666667, 0.5, 0.583333333333333, 0.666666666666667, 
0.75, 0.833333333333333, 0.916666666666667, 1, 0.0833333333333333, 
0.166666666666667, 0.25, 0.333333333333333, 0.416666666666667, 
0.5, 0.583333333333333, 0.666666666666667, 0.75, 0.833333333333333, 
0.916666666666667, 1, 0.0833333333333333, 0.166666666666667, 
0.25, 0.333333333333333, 0.416666666666667, 0.5, 0.583333333333333, 
0.666666666666667, 0.75, 0.833333333333333, 0.916666666666667, 
0.0833333333333333, 0.166666666666667, 0.25, 0.333333333333333, 
0.416666666666667, 0.5, 0.583333333333333, 0.666666666666667, 
0.75, 0.833333333333333, 0.916666666666667, 1, 0.0833333333333333, 
0.166666666666667, 0.25, 0.333333333333333, 0.416666666666667, 
0.5, 0.583333333333333, 0.666666666666667, 0.75, 0.833333333333333, 
0.916666666666667, 1, 0.0833333333333333, 0.166666666666667, 
0.25, 0.333333333333333, 0.416666666666667, 0.5, 0.583333333333333, 
0.666666666666667, 0.75, 0.833333333333333, 0.916666666666667, 
1, 0.0833333333333333, 0.166666666666667, 0.25, 0.333333333333333, 
0.416666666666667, 0.5, 0.583333333333333, 0.666666666666667, 
0.75, 0.833333333333333, 0.916666666666667, 1, 0.0833333333333333, 
0.166666666666667, 0.25, 0.333333333333333, 0.416666666666667, 
0.5, 0.583333333333333, 0.666666666666667, 0.75, 0.833333333333333, 
0.916666666666667, 1, 0.0833333333333333, 0.166666666666667, 
0.25, 0.333333333333333, 0.416666666666667, 0.5, 0.583333333333333, 
0.666666666666667, 0.75, 1, 0.0833333333333333, 0.25, 0.333333333333333, 
0.416666666666667, 0.5, 0.583333333333333, 0.666666666666667, 
