`paramecium` <-
structure(list(day = c(0, 2, 3, 4, 5, 6, 7, 8, 9, 10, 11, 12, 
13, 14, 15, 16, 17, 18, 19, 20, 21, 22, 23, 24, 25), density = c(2, 
10, 10, 11, 21, 56, 104, 137, 165, 194, 217, 199, 201, 182, 192, 
179, 190, 206, 209, 196, 195, 234, 210, 210, 180)), .Names = c("day", 
"density"), row.names = c(NA, -25L), class = "data.frame")
