`star` <-
structure(list(x = c(0, 376.5, 660.5, 683.5, 697.5, 710.5, 731.5, 
1061.7, 1068.5, 1084.8, 1099.2, 1117.5, 1416.5, 1446.2, 1452.5, 
1462.5, 1474.5, 1833.5, 2027.5, 2048, 2064.5, 2100, 2116.4, 2125.2, 
2142.4, 2157.3, 2164.5, 2190.2, 2207.7, 2217.5, 2266.5, 2405.5, 
2419.5, 2432.9, 2449.5, 2484.9, 2510.2, 2515.5, 2538.1, 2550.1, 
2564.5, 2575, 2581.5, 2602, 2609.5, 2619.5, 2629.5, 2643.7, 2657.2, 
2667.5, 2681.8, 2768.5, 2778.5, 2789, 2806.9, 2815.5, 2836.5, 
2846.5, 2870.6, 2894.7, 2899.5, 2915.3, 2928.5, 2951.5, 3006.5, 
3037.5, 3056.5, 3115.5, 3128, 3148.5, 3191.1, 3225.7, 3260.6, 
3276.5, 3302.2, 3311.6, 3329.5, 3341, 3352.8, 3364.2, 3374.5, 
3387.5, 3397.5, 3499.8, 3513.8, 3526, 3543.1, 3552.7, 3569.6, 
3580.3, 3604.1, 3614.9, 3635.6, 3642.5, 3661.9, 3699.5, 3720, 
3731.5, 3745.5, 3759.5, 3775.3, 3787, 3853.5, 3874.5, 3883.9, 
3893.5, 3909.9, 3925, 3936.1, 3955.2, 3965.3, 3982.4, 3993.9, 
4003.4, 4012.3, 4022.6, 4037.5, 4046.9, 4054.5, 4070, 4078.4, 
4100, 4108.5, 4132.5, 4156.5, 4212.5, 4226.7, 4239.5, 4257.3, 
4266.8, 4281.8, 4292.6, 4303.5, 4312.7, 4321.6, 4336.2, 4346.4, 
4357.9, 4369.3, 4378.8, 4393.8, 4405.7, 4417.9, 4428.6, 4436, 
4463.5, 4479.5, 4510.5, 4577.7, 4588.3, 4594.8, 4606.7, 4619.2, 
4637.8, 4649.8, 4662.5, 4675.5, 4682.7, 4696, 4706.9, 4719.4, 
4728.1, 4737.1, 4749.8, 4759.6, 4779.7, 4790.4, 4806.6, 4817.5, 
4836.5, 4850.5, 4867.8, 4961.4, 4991.8, 5020, 5031.8, 5054.9, 
5072.5, 5086.3, 5096, 5104, 5116.9, 5126.7, 5138.7, 5146.7, 5164.3, 
5172.8, 5182.3, 5192.7, 5203.5, 5354.8, 5387.8, 5410.5, 5419.4, 
5432.5, 5443.5, 5460, 5467, 5489.7, 5498.5, 5512.9, 5524.8, 5533, 
5544, 5563.5, 5581, 5675.5, 5709.2, 5724.5, 5738.5, 5763.4, 5770.8, 
5794.7, 5817.6, 5825.8, 5839.8, 5854.6, 5870.8, 5882.3, 5893.1, 
5902.3, 5910.6, 5955.5, 5968.5, 6058.8, 6089.7, 6110.1, 6124.4, 
6140.5, 6151.4, 6167.5, 6181.5, 6194.8, 6207.7, 6218.3, 6233.9, 
6250.3, 6265.8, 6287, 6306.5, 6318.5, 6335.5, 6439.5, 6458.8, 
6476.2, 6489.8, 6505.2, 6522.2, 6548.8, 6556, 6577.5, 6591.7, 
6607.5, 6624, 6641.5, 6647.5, 6662, 6671.5, 6690.2, 6701.7, 6708.5, 
6768.5, 6795.5, 6810, 6824.1, 6833.4, 6845.7, 6858.2, 6877.4, 
6887.9, 6908, 6918.5, 6936.7, 6950.2, 6967.8, 6978.2, 6989.5, 
7000.1, 7015, 7024.5, 7035.7, 7050.7, 7058.5, 7068.5, 7121.7, 
7131.3, 7149.8, 7162.4, 7176.9, 7186.6, 7202.9, 7214.4, 7223.3, 
7235, 7245.4, 7258.9, 7266.7, 7280.4, 7289.9, 7300.7, 7315.2, 
7323.1, 7336.3, 7349.7, 7363.5, 7376.8, 7387.3, 7398.4, 7411.5, 
7425.5, 7434.4, 7487.5, 7504.2, 7513.6, 7524.8, 7534.5, 7545.6, 
7559.3, 7571.2, 7583.2, 7591.5, 7601, 7613.1, 7625.9, 7637.6, 
7648, 7659, 7668.9, 7679.3, 7687.5, 7703.8, 7712.2, 7722.7, 7732.7, 
7749, 7783.5, 7794.5, 7834.5, 7857.3, 7868.6, 7882.3, 7891.6, 
7905.3, 7915.7, 7925.6, 7936.7, 7947.4, 7958.7, 7969.3, 7978.6, 
7987.1, 8000.9, 8009.7, 8022.3, 8032.3, 8040.9, 8056.5, 8065.5, 
8076, 8086.8, 8099.4, 8112.7, 8130, 8142.9, 8149.5, 8164.4, 8214.5, 
8224.5, 8239.5, 8251.7, 8263.3, 8273.6, 8284, 8297.3, 8306.4, 
8315.6, 8326.1, 8336.9, 8346.1, 8357.4, 8366.5, 8379.2, 8388.8, 
8398.6, 8411.2, 8417.8, 8427.3, 8440.4, 8451.6, 8460.7, 8470.5, 
8483.3, 8496.3, 8507.8, 8534.4, 8587.5, 8602.6, 8612.5, 8625.7, 
8637.1, 8648.8, 8659.6, 8672.3, 8683.9, 8691.5, 8706, 8713.9, 
8723.5, 8738, 8747.4, 8755.5, 8767, 8776.5, 8787.4, 8797.4, 8807.1, 
8821.7, 8830.5, 8840.6, 8853, 8864, 8889, 8906.4, 8962.4, 8975.3, 
8988.4, 9000.5, 9012, 9020.5, 9034.8, 9044, 9054.5, 9064.2, 9073.8, 
9084.3, 9095, 9103.9, 9118, 9126.6, 9135.3, 9149, 9157, 9165.6, 
9178.2, 9188.4, 9199.7, 9209.3, 9219, 9231.2, 9244.5, 9252.5, 
9269.4, 9317, 9338.1, 9346.9, 9358.1, 9369.4, 9380.4, 9393, 9401.1, 
9414.7, 9425.1, 9435.1, 9448.7, 9458.7, 9471.9, 9481, 9489.6, 
9502.6, 9510.5, 9519.3, 9532.7, 9541.3, 9551.7, 9563, 9574.1, 
9584, 9592, 9603.7, 9617.2, 9621.5, 9632.5, 9691.4, 9699.7, 9716.3, 
9727.3, 9739, 9748.6, 9755.8, 9771.2, 9781.1, 9791.3, 9802.5, 
9813, 9823.3, 9834, 9843.7, 9855.9, 9865.7, 9874.5, 9889.9, 9898.9, 
9910.7, 9921.5, 9938.5, 9949.3, 9960.1, 9974.1, 9987, 9995.6, 
10049.9, 10060.2, 10074.2, 10083.1, 10095.4, 10107.2, 10114.3, 
10129.7, 10140.2, 10153.9, 10162.6, 10171.2, 10183.7, 10195, 
10207.5, 10216.7, 10226.2, 10238.5, 10248.9, 10257.1, 10273.6, 
10281.2, 10302.3, 10310.5, 10324.9, 10330.6, 10339.9, 10354.9, 
10364.5, 10412.3, 10426.7, 10436.2, 10445.2, 10458.1, 10467.7, 
10478.6, 10489.7, 10512.8, 10522.9, 10538.7, 10548, 10556, 10567.9, 
10578, 10596.8, 10610.5, 10627.2, 10636.5, 10652.3, 10661.3, 
10672.5, 10686.3, 10694, 10718, 10729.9, 10761.5, 10774.5, 10790.9, 
10804.8, 10815, 10824.2, 10838.1, 10847.3, 10854.8, 10867.7, 
10877.9, 10887.1, 10896.8, 10906.8, 10924.4, 10934.2, 10953.3, 
10963.8, 10976.5, 10985.5, 10996.6, 11012.4, 11022.7, 11038.4, 
11050.7, 11062.3, 11079.9, 11084.9, 11140.5, 11149, 11163.5, 
11172.4, 11182.5, 11195.7, 11204.8, 11219.4, 11228.3, 11237.7, 
11251.1, 11259.8, 11270.9, 11282.2, 11290.2, 11304.3, 11313.6, 
11322, 11333.8, 11345.3, 11361.2, 11370.6, 11381.4, 11396.9, 
11406.4, 11421.9, 11433.8, 11454.2, 11493.5, 11509.5, 11520.2, 
11529.5, 11542.8, 11551.7, 11561.5, 11575.8, 11584.5, 11593.6, 
11606.2, 11616.1, 11629.4, 11637.6, 11647.5, 11659.5, 11668.9, 
11677.3, 11689.6, 11699.9, 11707.6, 11720.2, 11731, 11746.1, 
11758.6, 11764.7, 11777.8, 11790.9, 11811, 11821.5, 11883.5, 
11890.5, 11905.7, 11915, 11931.1, 11942.3, 11955.9, 11965, 11974.2, 
11985.3, 11996.4, 12004.7, 12017.6, 12027.5, 12041.5, 12050.7, 
12060.1, 12071.6, 12080.5, 12091.1, 12102.2, 12110.8, 12119.5, 
12130.3, 12141.5, 12155.1, 12165, 12176.4, 12189.4, 12236.6, 
12254.2, 12266.2, 12274.8, 12286.4, 12296.3, 12308.7, 12319.1, 
12328.5, 12340.7, 12350.7, 12359.9, 12371.9, 12382.7, 12395.5, 
12404.2, 12413.3, 12425.8, 12435, 12444, 12457.3, 12465.8, 12472.7, 
12487.9, 12498.5, 12514.7, 12524.3, 12532.6, 12543.7, 12598.5, 
12616, 12630.1, 12644.5, 12653.7, 12665.6, 12678, 12689.1, 12699.2, 
12712.6, 12727.9, 12737.9, 12749.7, 12759.6, 12769.1, 12782.5, 
12792.7, 12806, 12814.9, 12823, 12837.1, 12846.1, 12854.6, 12869.6, 
12877.2, 12887.3, 12900, 12913.1, 12963.1, 12976.7, 12988.1, 
12997.8, 13009.8, 13023.2, 13033, 13045.5, 13056, 13068.6, 13080.1, 
13090.6, 13103.3, 13112.4, 13121.7, 13133.8, 13143.9, 13152.8, 
13167.7, 13176.5, 13189.3, 13200.9, 13209.2, 13225.3, 13235.4, 
13248.5, 13257.7, 13267.9, 13281.7, 13351.7, 13361.2, 13374.9, 
13384.5, 13393.5, 13408.7, 13419.2, 13429.3, 13441.2, 13448.6, 
13462.4, 13472.6, 13483.5, 13495.3, 13506.2, 13521.5, 13531.6, 
13543.2, 13553.5, 13561.7, 13576.2, 13586.1, 13596.9, 13609.5, 
13621.2, 13635.4, 13642.6, 13705.7, 13716.5, 13727.7, 13737.2, 
13745.9, 13758.3, 13769.9, 13778.5, 13790.6, 13801.5, 13811.9, 
13821.8, 13831.3, 13843.2, 13852.6, 13862.6, 13875.8, 13885.1, 
13895.5, 13906.1, 13914.1, 13927.2, 13936.6, 13947.5, 13960.3, 
13971.2, 13980.3, 13991, 14003.3, 14071.8, 14083.6, 14096.5, 
14106.2, 14118.8, 14127, 14141, 14151.2, 14161.2, 14172.5, 14182.9, 
14190.8, 14201.4, 14211.1, 14225.9, 14236, 14243.2, 14257.8, 
14266.7, 14278.1, 14288, 14298.4, 14310, 14321.4, 14333.7, 14351.1, 
14358.4, 14371.7, 14440.1, 14452.5, 14462.1, 14476.3, 14491.5, 
14499.7, 14514, 14529, 14539.2, 14548.4, 14559, 14567.4, 14580.7, 
14595.7, 14607.7, 14617.4, 14626.4, 14638.5, 14650.7, 14659.7, 
14670.8, 14681.7, 14697.3, 14711, 14725.4, 14806.8, 14831.4, 
14838.7, 14857.1, 14868.3, 14881.9, 14892.8, 14906.6, 14918.1, 
14926.4, 14940.1, 14951.8, 14964.7, 14973, 14982.9, 14994.4, 
15006.3, 15017.4, 15030.3, 15047, 15059.5, 15071.8, 15085, 15093.8, 
15105.3, 15115.7, 15186.8, 15196.6, 15209.4, 15220.1, 15235.1, 
15249.9, 15263.2, 15276.1, 15291.1, 15301.8, 15314.9, 15324.5, 
15334.1, 15347.8, 15358.9, 15370.4, 15380.7, 15392.9, 15405.1, 
15416.8, 15429.8, 15439.3, 15450.2, 15460.7, 15548.1, 15563.6, 
15579.1, 15591.1, 15603, 15613.9, 15625.9, 15632.9, 15654.1, 
15663.8, 15677.7, 15686.8, 15697.5, 15707.7, 15719.5, 15738.3, 
15751.8, 15759.8, 15775.6, 15786.8, 15801, 15810.7, 15822.4, 
