`Stratford` <-
structure(list(x = c(0.0136986301369863, 0.0273972602739726, 
0.0410958904109589, 0.0547945205479452, 0.0684931506849315, 0.0821917808219178, 
0.095890410958904, 0.109589041095890, 0.123287671232877, 0.136986301369863, 
0.150684931506849, 0.164383561643836, 0.178082191780822, 0.191780821917808, 
0.205479452054795, 0.219178082191781, 0.232876712328767, 0.246575342465753, 
0.26027397260274, 0.273972602739726, 0.287671232876712, 0.301369863013699, 
0.315068493150685, 0.328767123287671, 0.342465753424658, 0.356164383561644, 
0.36986301369863, 0.383561643835616, 0.397260273972603, 0.410958904109589, 
0.424657534246575, 0.438356164383562, 0.452054794520548, 0.465753424657534, 
0.47945205479452, 0.493150684931507, 0.506849315068493, 0.52054794520548, 
0.534246575342466, 0.547945205479452, 0.561643835616438, 0.575342465753425, 
0.589041095890411, 0.602739726027397, 0.616438356164384, 0.63013698630137, 
0.643835616438356, 0.657534246575342, 0.671232876712329, 0.684931506849315, 
0.698630136986301, 0.712328767123288, 0.726027397260274, 0.73972602739726, 
0.753424657534247, 0.767123287671233, 0.780821917808219, 0.794520547945205, 
0.808219178082192, 0.821917808219178, 0.835616438356164, 0.84931506849315, 
0.863013698630137, 0.876712328767123, 0.89041095890411, 0.904109589041096, 
0.917808219178082, 0.931506849315068, 0.945205479452055, 0.95890410958904, 
0.972602739726027, 0.986301369863014, 1), y = c(61, 57, 44, 51, 
41, 31, 29, 57, 67, 42, 35, 71, 61, 72, 68, 45, 31, 52, 64, 68, 
67, 39, 80, 63, 42, 82, 73, 75, 85, 77, 83, 89, 93, 96, 97, 103, 
97, 95, 81, 89, 80, 94, 80, 81, 95, 84, 88, 94, 96, 87, 90, 87, 
82, 78, 66, 79, 57, 66, 81, 64, 76, 33, 48, 70, 69, 67, 45, 40, 
64, 42, 53, 18, 59)), .Names = c("x", "y"), row.names = c(NA, 
-73L), class = "data.frame")
