`ultrasound` <-
structure(list(height = c(69, 65, 60.69, 56.48, 52.83, 50.31, 
48.16, 46.12, 44.69, 44.38, 44.74, 46.23, 48.74, 50.71, 53.26, 
77.21, 73.06, 68.03, 62.81, 57.58, 52.25, 47.63, 45.09, 45.32, 
46.4, 47.65, 50.33, 53.19, 56.06, 57.86, 71.52, 67.48, 62.68, 
57.43, 52.42, 48.85, 46.46, 45.23, 45.23, 45.53, 46.98, 49.28, 
52.34, 55.33, 57.48, 68.17, 64.26, 59.79, 55.57, 51.84, 49.06, 
47.19, 45.55, 43.97, 44.08, 45.43, 46.95, 49.56, 52.15, 54.72, 
76.74, 71.06, 65.57, 60.04, 54.58, 50.46, 47.71, 45.08, 45.2, 
46.37, 47.85, 50.4, 52.99, 55.69, 57.65, 68.9, 64.92, 60.58, 
55.46, 50.47, 46.9, 44.66, 43.83, 43.84, 46.17, 48.49, 52.26, 
55.98, 59.44, 61.82, 66.11, 62.28, 58.38, 54.37, 50.96, 47.78, 
45.63, 43.98, 43.87, 44.72, 46.51, 49.27, 52.71, 55.31, 58.34, 
71.59, 65.09, 59.06, 54.1, 50.24, 47.39, 45.76, 44.9, 45.09, 
47.19, 50.69, 55.16, 59.79, 63.08, 66.6, 70.29, 66.22, 61.89, 
57.02, 52.38, 48.66, 45.37, 44.01, 43.71, 44.96, 47.93, 51.88, 
56.17, 60.4, 63.77, 67.92, 64.15, 60.25, 56.21, 52.48, 49.72, 
47.81, 45.16, 43.65, 43.97, 45.7, 47.14, 50.38, 53.9, 57.49, 
69.19, 64.87, 60.4, 54.95, 49.88, 46.09, 43.78, 43.53, 43.75, 
47.41, 51.8, 55.41, 59.39, 62.68, 64.86, 70.37, 66.38, 62.16, 
57.38, 52.77, 49.06, 45.71, 44.17, 43.68, 44.04, 46.95, 50.99, 
55.39, 59.6, 62.53, 68.98, 64.82, 60.74, 56.22, 51.61, 46.92, 
42.63, 39.33, 39, 40.24, 42.13, 45.19, 49, 52.41, 55, 66.5, 62.08, 
57.77, 52.27, 46.78, 41.85, 39.51, 39.18, 41.76, 44.68, 49.12, 
53.67, 58.04, 60.66, 62.72, 69.93, 64.67, 59.24, 53.59, 48.22, 
44.06, 40.94, 40.46, 40.75, 43.09, 46.49, 51.15, 56.12, 60.32, 
63.51, 69.07, 65.07, 60.49, 56.18, 52.52, 49.25, 45.8, 42.75, 
41.66, 41.74, 43.08, 45.3, 47.34, 50.44, 52.55, 66.13, 61.84, 
57.18, 52.23, 46.89, 42.43, 40.26, 40.24, 41.94, 45.05, 48.81, 
52.46, 55.06, 56.5, 57.92, 70.37, 64.21, 58.59, 52.84, 46.74, 
41.7, 39.95, 39.94, 41.53, 44.47, 48.47, 52.32, 56.34, 58.92, 
60.5, 69.48, 66.93, 63.64, 60.2, 57.03, 53.78, 50.51, 47.2, 45.2, 
45.03, 45.06, 46.42, 48.04, 50.17, 52.51, 65.84, 61.6, 56.96, 
51.49, 46.09, 42.3, 42.36, 44.01, 44.61, 46.33, 49.49, 53.05, 
55.62, 57.02, 58.44, 74.63, 69, 63.28, 57.46, 51.63, 46.44, 42.99, 
43.11, 44.8, 46.09, 47.22, 49.65, 53.26, 56.77, 59.32, 71.82, 
67.97, 63.87, 59.8, 56.47, 53.61, 51.36, 49.62, 49.56, 49.38, 
49.64, 51.33, 53.13, 54.9, 56.29, 72.85, 68.15, 64.1, 59.99, 
55.93, 52.07, 49.52, 48.49, 48.83, 50.38, 52.22, 54.38, 56.41, 
58.04, 60.85, 70.33, 65.92, 61.57, 57.09, 52.49, 49, 47.86, 47.62, 
47.96, 49.72, 52.71, 54.7, 56.1, 57.65, 59.38, 72.04, 68.07, 
63.86, 59.44, 55.96, 52.5, 50.28, 49.73, 49.73, 50.46, 52.29, 
53.95, 55.3, 56.52, 58.24, 69.41, 65.06, 61.14, 57.23, 53.5, 
50.76, 49.75, 50.57, 51.36, 52.95, 54.87, 57.16, 58.91, 60.03, 
61.32, 70.66, 66.42, 62.3, 58.3, 54.51, 51.42, 50.92, 50.92, 
51.12, 52.93, 54.71, 56.28, 56.95, 58.42, 60.06, 70.07, 64.58, 
58.98, 53.77, 49.25, 46.99, 46.91, 46.97, 48.17, 51.19, 53.6, 
55.97, 58.6, 60.81, 63.21, 73.1, 69.57, 65.68, 61.44, 57.81, 
53.72, 49.42, 46.46, 45.83, 46.88, 48.76, 51.12, 53.86, 56.09, 
57.61, 72.27, 69.59, 66.37, 62.29, 57.9, 53.62, 50.84, 49.13, 
48.83, 50.17, 50.67, 52.96, 56.04, 58.58, 61.39, 70.26, 64.46, 
58.84, 53.59, 49.26, 46.99, 46.61, 46.61, 47.56, 49.64, 51.99, 
55.34, 58.5, 60.58, 62.35, 73.26, 69.73, 65.83, 61.58, 57.95, 
53.86, 49.82, 46.47, 45.78, 46.03, 47.81, 50.4, 53.12, 55.98, 
57.5, 74.1, 70.39, 66.39, 61.95, 57.53, 53.54, 49.77, 46.98, 
46.57, 47.54, 48.75, 50.91, 53.55, 55.95, 57.24, 70.61, 64.87, 
59.31, 54.17, 49.88, 46.94, 46.56, 46.85, 47.09, 48.39, 50.35, 
52.81, 55.37, 56.97, 58.68, 72.23, 68.56, 64.67, 60.31, 56.52, 
52.27, 48, 44.82, 43.99, 45.51, 47.7, 50.05, 52.81, 55.44, 56.51, 
72.19, 68.37, 63.65, 58.52, 53.32, 49.63, 47.11, 47.28, 47.71, 
48.62, 50.73, 53.07, 55.17, 57.72, 58.99, 70.9, 65.33, 59.78, 
54.69, 50.17, 47.18, 46.16, 45.61, 45.84, 47.67, 49.61, 52.61, 
54.6, 56.5, 58.2, 52.78, 49.98, 47.23, 44.02, 41.3, 39.76, 39.49, 
39.65, 41.82, 44.81, 48.21, 51.41, 54.19, 56.58, 58.01, 65.84, 
61.23, 56.22, 51.51, 47.46, 44.59, 42.82, 43.49, 45.2, 47.07, 
50.63, 53.56, 56.08, 58.33, 60.4, 72.4, 66.62, 60.8, 55.25, 50.07, 
45.37, 41.9, 39.29, 39.69, 41.41, 44.73, 48.81, 52.09, 54.8, 
56.79, 52.94, 50.11, 47.32, 44.06, 41.31, 39.75, 39.48, 39.58, 
40.62, 43.52, 46.99, 50.73, 54.58, 57.06, 59.04, 57.62, 54.1, 
50.92, 47.34, 44.46, 43.18, 43.25, 43.4, 43.86, 45.06, 47.62, 
50.93, 54.02, 56.4, 58.63, 67.7, 61.64, 55.71, 50.05, 44.82, 
40.9, 38.66, 38.3, 39.98, 43.81, 48.5, 52.55, 55.37, 57.49, 59.31, 
53.94, 50.34, 46.69, 43.32, 40.61, 38.86, 38.7, 39, 40.57, 43.66, 
47.3, 51.09, 54.68, 57.47, 59.46, 49.95, 46.87, 44.39, 41.9, 
39.32, 38.12, 38.2, 39.2, 41.23, 44.02, 47.62, 51.74, 55.4, 58.41, 
60.7, 67.48, 61.39, 55.43, 49.92, 44.86, 40.92, 38.68, 38.31, 
39.77, 43.49, 48.2, 52.68, 55.67, 57.37, 59.03, 53.23, 49.67, 
46.59, 43.36, 40.68, 39.74, 39.47, 39.63, 41.5, 44.57, 47.37, 
50.89, 54.47, 57.27, 58.66, 51.85, 48.69, 45.5, 42.63, 40.76, 
39.61, 39.41, 39.33, 40.38, 42.84, 45.41, 48.59, 52.18, 55.33, 
58.39, 66.92, 60.86, 54.75, 49.15, 44.32, 40.81, 39.52, 40.35, 
41.99, 44.41, 48.28, 52.75, 55.78, 57.6, 59.99, 65.4, 60.84, 
55.69, 51.49, 48.65, 47.23, 46.66, 47.42, 48.76, 52, 55.22, 56.98, 
58.15, 59.34, 60.7, 59.11, 55.95, 52.69, 49.45, 46.54, 45.53, 
45.4, 44.67, 44.97, 46.28, 48.28, 51.17, 53.71, 55.55, 56.89, 
68.71, 63.09, 57.65, 52.38, 47.59, 43.88, 42.42, 43.6, 45.75, 
47.59, 50.58, 53.39, 55.4, 57.07, 58.73, 74.49, 70.15, 65.8, 
61.79, 58.23, 55.19, 52.6, 51.38, 51.14, 51.66, 52.91, 55.53, 
57.66, 59.13, 60.85, 75.35, 71.46, 67.57, 62.89, 58.24, 54.81, 
52.92, 51.26, 50.64, 51.38, 52.8, 55.62, 57.11, 58.03, 58.45, 
72.64, 69.41, 66.23, 62.98, 59.24, 55.81, 53.29, 50.81, 48.92, 
48.1, 49.01, 50.15, 52.67, 54.95, 56.14, 74.45, 72.04, 69.73, 
66.16, 62.32, 58.04, 53.52, 49.8, 48, 47.3, 48.16, 49.47, 51.61, 
53.53, 55.34, 72.69, 70.13, 66.97, 63.1, 59.5, 55.92, 52.72, 
49.92, 48.75, 48.93, 50.1, 51.33, 53.04, 55.7, 58.07, 71.97, 
69.25, 65.54, 61.81, 57.96, 54.44, 52.58, 50.81, 48.77, 48.18, 
48.16, 49.15, 51.51, 53.58, 55.72, 74.98, 71.36, 67.84, 64.16, 
60.03, 56.08, 52.74, 49.18, 47.58, 47.36, 47.53, 49.36, 51.48, 
53.39, 55.18, 72.65, 70.06, 66.83, 62.92, 59.01, 55.39, 51.84, 
48.99, 48.73, 48.71, 49.5, 50.91, 53.04, 55.57, 57.85, 69.37, 
64.04, 59.24, 54.65, 50.41, 46.68, 45.25, 45.06, 46.42, 47.59, 
49.82, 52.17, 53.96, 56.28, 58.78, 72.72, 68.92, 64.27, 59.73, 
55.36, 51.12, 47.5, 45.4, 45.38, 46.72, 47.36, 48.87, 51.49, 
53.43, 55.29, 71.43, 67.74, 63.42, 59.17, 54.98, 51.44, 48.43, 
46.83, 46.12, 47.04, 48.56, 50.65, 52.88, 55.48, 57.86, 69.12, 
63.86, 58.92, 54.51, 49.41, 44.17, 41.86, 42.36, 43.59, 45.46, 
48.53, 51.28, 53.66, 55.24, 56.33, 70.92, 67.93, 63.84, 58.81, 
53.22, 48.2, 43.66, 39.72, 38.79, 40.28, 43.26, 46.41, 50.19, 
54.73, 58.04, 73.97, 68.53, 63.09, 57.41, 52.4, 48.41, 44.58, 
41.68, 41.45, 41.98, 44.53, 48.52, 52.54, 55.46, 57.32, 68.46, 
64.87, 60.26, 55.75, 50.5, 45.15, 40.84, 39.37, 39.36, 40.4, 
42.68, 45.79, 49.75, 53.94, 57.1, 71.55, 67.56, 63.38, 59.09, 
53.87, 48.7, 43.54, 39.59, 38.66, 39.2, 41.72, 44.17, 47.33, 
51.56, 56.02, 73.58, 67.4, 61.31, 55.6, 50.29, 45.83, 42.37, 
40.86, 39.67, 39.17, 41.6, 45.2, 49.99, 54.7, 59.73, 67.5, 61.47, 
55.38, 49.52, 44.52, 41.77, 39.86, 38.55, 39.17, 42.17, 44.72, 
48.33, 52.44, 56.96, 59.35, 69.01, 66, 61.89, 56.9, 51.98, 47.8, 
43.24, 39.48, 38.56, 39.4, 41.42, 44.39, 48.29, 52.58, 57.4, 
73.37, 67.16, 61.32, 56.02, 50.7, 45.51, 41.97, 40.25, 39.08, 
39.36, 41.33, 45.52, 50.63, 55.59, 59.15, 68.54, 62.97, 57.24, 
51.49, 46.22, 42.23, 40.31, 38.94, 39.25, 42.08, 45.53, 49.3, 
52.51, 56.24, 59.27, 68.97, 64.99, 60.88, 56.48, 51.75, 46.75, 
42.85, 40.11, 39.14, 39.4, 42.01, 45.8, 49.85, 54.2, 58.62, 73.4, 
67.66, 62.15, 56.48, 50.68, 45.51, 42.09, 40.61, 39.83, 41.18, 
44.12, 47.95, 52.24, 57.38, 61.61, 64.27, 58.71, 53.08, 47.64, 
43.88, 41.37, 39.96, 40.8, 42.6, 44.47, 47.41, 51.46, 55.3, 57.81, 
