`USAtemp` <-
structure(list(temp = c(48.3333333333333, 48.8666666666667, 42.4, 
44.5666666666667, 44.7666666666667, 40.5666666666667, 40.8, 37.7, 
48.55, 43.1666666666667, 45.5666666666667, 46.5666666666667, 
43.4666666666667, 44.3, 35.4666666666667, 60.8333333333333, 57.2666666666667, 
36.0333333333333, 51.3, 49.2666666666667, 32.3, 35.3666666666667, 
38.1666666666667, 48.4, 43.95, 57, 48.7666666666667, 58.2333333333333, 
41.3666666666667, 53.2666666666667, 55.25, 48.4, 38.4333333333333, 
41.1, 49.7333333333333, 58.6666666666667, 42.4666666666667, 52.6, 
39.9, 57.6666666666667, 40.4333333333333, 41.7, 38.9333333333333, 
38.9, 37.3666666666667, 38.1, 37.4666666666667, 40.3666666666667, 
39.0333333333333, 41.5333333333333, 42.6666666666667, 38.4, 44.5333333333333, 
42.1666666666667, 41.7333333333333, 52.8666666666667, 57.1666666666667, 
59.2, 35.4666666666667, 50.8, 57.1666666666667, 48.5333333333333, 
44.5666666666667, 48.4666666666667, 57.4, 49.3333333333333, 51.9666666666667, 
49.2333333333333, 51, 49.2, 48.6, 43.3, 52.3, 46.8333333333333, 
59.9, 37.6333333333333, 50.8333333333333, 50.6666666666667, 49.7333333333333, 
49.8, 50.1333333333333, 38.9, 52.2333333333333, 57.8333333333333, 
59.6, 54.7666666666667, 48.8, 48.0333333333333, 59.1, 51.8333333333333, 
50.9333333333333, 39, 48.1666666666667, 55.8666666666667, 54.9666666666667, 
56.7, 52.8, 50.5, 36.6333333333333, 33.9666666666667, 51.3333333333333, 
55.7, 51, 49.2333333333333, 51.3666666666667, 40.6, 48.0666666666667, 
41.5, 39.1, 38.4, 41.5333333333333, 32.7, 34.5666666666667, 29.3666666666667, 
29.4333333333333, 21.2, 33.1, 34.8333333333333, 33.4333333333333, 
32.1666666666667, 33.5666666666667, 22.6333333333333, 17.8, 34.4666666666667, 
35.4666666666667, 30.8, 25.6, 32.9, 34.3666666666667, 27.6, 24.2, 
27.2666666666667, 37.8666666666667, 37.45, 25.3666666666667, 
29.4333333333333, 28.7666666666667, 26.7333333333333, 35.1, 35.7666666666667, 
35.5, 33.7333333333333, 32.1333333333333, 51.4, 58.4, 58.8, 60.4, 
48.7333333333333, 62.1666666666667, 53.6666666666667, 50.9, 64.2666666666667, 
62.4333333333333, 60.8666666666667, 54.3, 66.9666666666667, 50.7666666666667, 
51.5, 54.8, 49.1333333333333, 62.9333333333333, 58.8666666666667, 
49.8666666666667, 57, 53.95, 45.8666666666667, 48.1666666666667, 
48.5333333333333, 48.6666666666667, 42.2333333333333, 37.6333333333333, 
47.7333333333333, 39.6333333333333, 49.6, 44.6666666666667, 42.3333333333333, 
46.3666666666667, 42.5333333333333, 48.7333333333333, 39.9, 48.1333333333333, 
44.9666666666667, 47.1666666666667, 41.7333333333333, 41.9666666666667, 
41.1, 46.3, 42.6, 28.0666666666667, 33.7333333333333, 26.4333333333333, 
34.8, 31.9333333333333, 26.9, 34.5666666666667, 37.3666666666667, 
35.7666666666667, 35.9, 27.4333333333333, 31.2666666666667, 32.5, 
33.3333333333333, 33.9333333333333, 27.2333333333333, 38.3, 25.8333333333333, 
24.9, 28.6, 34.4333333333333, 25.6666666666667, 33.6, 34.6666666666667, 
29.3333333333333, 29.5666666666667, 28.7, 31.6666666666667, 27.1, 
35.6333333333333, 24.5666666666667, 31.1666666666667, 29.4666666666667, 
28.0333333333333, 28.5, 22.7333333333333, 33.1666666666667, 24.4333333333333, 
29.8666666666667, 35.4666666666667, 32.2, 27.1, 27.5, 28.3666666666667, 
28.3666666666667, 22.7333333333333, 32.4, 26.35, 27.6333333333333, 
24.6, 22.7, 30.7, 31.9333333333333, 28.5666666666667, 31.2333333333333, 
30.2333333333333, 29.0333333333333, 25.7333333333333, 28.8, 34.9666666666667, 
27.1333333333333, 24.5333333333333, 30.9333333333333, 30.2666666666667, 
27.2333333333333, 22.2666666666667, 27.2666666666667, 29.4, 28.0666666666667, 
26.0666666666667, 32.9333333333333, 28.7, 26.4, 27.6666666666667, 
25.6, 28.3666666666667, 26.8, 28.1333333333333, 25.7333333333333, 
25.6, 33.7, 25.5333333333333, 33.0666666666667, 28.0333333333333, 
31.1, 32, 24.0666666666667, 24.6, 28.9, 26.5666666666667, 31.8666666666667, 
30.0666666666667, 28.3, 29.7333333333333, 31.8333333333333, 31.9, 
32.7333333333333, 29.5, 25.9666666666667, 26.6, 30.25, 22.9666666666667, 
25.7333333333333, 22.3333333333333, 27.6666666666667, 26.8, 20.4333333333333, 
28.0333333333333, 21.7666666666667, 22.85, 25.2666666666667, 
26.8, 22.1, 25.4666666666667, 27.2, 28.1333333333333, 28, 22.5, 
21.2666666666667, 24.7333333333333, 22.7666666666667, 24.3, 28.2, 
35.3333333333333, 32.6333333333333, 40.35, 34.8, 36.3333333333333, 
34.3666666666667, 33.5, 37.6333333333333, 33.3666666666667, 31.2, 
36.7, 36.2, 34.9333333333333, 37.4333333333333, 35.9333333333333, 
32.8333333333333, 38.3, 34, 35.8, 37.1666666666667, 34.2333333333333, 
30.8333333333333, 33.7, 33.3333333333333, 34.8, 31.2333333333333, 
33.5, 35.9, 36.2333333333333, 33.2, 30.1666666666667, 35.4, 34.8333333333333, 
31.1666666666667, 29.8, 33.2, 33.5666666666667, 34.1666666666667, 
33.1666666666667, 34.6666666666667, 29.5666666666667, 32.7666666666667, 
32.3, 47.7, 49.3, 47.5, 50.2666666666667, 48.1333333333333, 45.3666666666667, 
49.6333333333333, 51.1, 52, 48.6, 51.9333333333333, 49.4, 50.2, 
54.8, 44.2333333333333, 46.4666666666667, 51.8666666666667, 45.7, 
25.4333333333333, 31.9, 18.7666666666667, 22.7333333333333, 20.1, 
25.2, 19.4, 24.8666666666667, 25.1, 18.9333333333333, 16.3333333333333, 
27.7, 37.1666666666667, 37.4666666666667, 33.9333333333333, 34.7333333333333, 
32.4, 35.5333333333333, 34.5666666666667, 34.5666666666667, 33.3, 
26.3333333333333, 40.1, 35.6, 36.9666666666667, 35.7, 36.8666666666667, 
32.5333333333333, 33.0333333333333, 26.7666666666667, 26.9666666666667, 
27.4, 26.4666666666667, 25.2, 26.7333333333333, 24, 26.9666666666667, 
30.2333333333333, 27.1666666666667, 30.8, 27.3, 23.6333333333333, 
24.9, 22.5333333333333, 25.1666666666667, 23.8, 19.3, 19.7, 20.8333333333333, 
24, 26.4, 22.3666666666667, 25.8333333333333, 23.8666666666667, 
19.3, 14.7333333333333, 26.8666666666667, 24.9, 25.5, 23.2333333333333, 
21.6333333333333, 19.7333333333333, 24.0333333333333, 28.2666666666667, 
16.4333333333333, 15.9, 19.3333333333333, 12.0666666666667, 18.1666666666667, 
15.2, 14.4, 13.3, 20.3333333333333, 19.6666666666667, 14.8, 19.5333333333333, 
11.8333333333333, 14.6666666666667, 15.4333333333333, 17.3666666666667, 
19.6333333333333, 18.3666666666667, 15.6, 14.9666666666667, 20.7666666666667, 
18.7666666666667, 13.7666666666667, 16.8, 20.2666666666667, 15.8, 
9.16666666666667, 19.2333333333333, 15.7666666666667, 19.7, 15.8666666666667, 
18.8666666666667, 14.5666666666667, 19.7666666666667, 43.9666666666667, 
40.1333333333333, 39.1, 45.4333333333333, 44, 41.5, 48.6, 41.6333333333333, 
41.9666666666667, 46.7333333333333, 45.4333333333333, 45.5, 47.1333333333333, 
43, 38.9666666666667, 42.1666666666667, 45.0333333333333, 42.5666666666667, 
45.4333333333333, 44.5666666666667, 49.1666666666667, 51.3666666666667, 
40.6, 50.5, 44.9666666666667, 43.5, 38.7333333333333, 40.8333333333333, 
47.2666666666667, 49.5666666666667, 46.1333333333333, 34.6, 28.0333333333333, 
29.5666666666667, 37.3666666666667, 32.5333333333333, 27.4666666666667, 
34.8333333333333, 35, 30.9666666666667, 34.8666666666667, 34.8, 
33.1333333333333, 31.6333333333333, 36.6333333333333, 34.7666666666667, 
28.6333333333333, 30.0666666666667, 35.0333333333333, 37, 32.9333333333333, 
29.0333333333333, 28.8333333333333, 30.3, 34.8, 27.25, 30.1333333333333, 
28.8, 29.7333333333333, 33.0333333333333, 29.5333333333333, 30.4333333333333, 
23.6333333333333, 31.7, 25.8, 25.6666666666667, 30.3333333333333, 
26.6, 29.3, 29.7, 22.2, 26.5666666666667, 26.9, 22.9333333333333, 
27.1, 29.7333333333333, 29.5666666666667, 30.0666666666667, 18.0666666666667, 
27.8, 29.1, 25.4666666666667, 27.2333333333333, 31.0333333333333, 
29, 23.6666666666667, 20.9, 25.5, 26.9333333333333, 29.4333333333333, 
32.7, 26.9666666666667, 23.4666666666667, 22.7666666666667, 29.2666666666667, 
31.4, 24.3666666666667, 28.8, 27.1333333333333, 18.2666666666667, 
27.1, 27.3, 29.9666666666667, 27.7666666666667, 26.3, 28.9666666666667, 
