"wesdr"<-
structure(.Data = list(num = c(101301006, 101301008, 101301011, 101301145, 
	101301175, 101301226, 101301243, 102301011, 102301014, 102303003, 
	102304004, 102304008, 102306003, 102307002, 102307003, 102307006, 
	103301068, 103301086, 103301106, 103303017, 103303049, 103303055, 
	103303057, 103305005, 103305041, 103305046, 103308006, 103308009, 
	103308011, 103308012, 103309014, 103309020, 103309022, 103309026, 
	103310002, 103311003, 103312001, 103312006, 103312025, 103312032, 
	103313060, 103315001, 103316002, 103401001, 103401005, 103401008, 
	103402001, 103402002, 103402003, 103402004, 103402006, 103402007, 
	103403002, 103403003, 103404001, 103404002, 103404008, 103404009, 
	103405007, 103405008, 103405009, 103407003, 103409003, 103409005, 
	104101025, 104102021, 104201002, 104201017, 104203005, 104301054, 
	104301103, 104304009, 104304010, 104305008, 104306013, 104306046, 
	104306054, 104306059, 104306067, 104307030, 104307040, 104307043, 
	104402003, 104501013, 104701001, 105201003, 105202003, 105202005, 
	105203001, 105204004, 105204005, 106204002, 106204014, 106204018, 
	106204020, 106204022, 108401001, 108402001, 108402002, 108402004, 
	108402007, 108403002, 108404001, 108404002, 108404003, 108404005, 
	108404006, 108404010, 108404012, 108404013, 108404014, 108404015, 
	108404017, 108404021, 109201001, 109201004, 109201010, 110302041, 
	110307001, 110307014, 110307017, 110308005, 110308026, 110308034, 
	110310001, 110310007, 110310008, 110310012, 110310017, 110310020, 
	110310021, 110310030, 110310037, 110310042, 110310055, 110311007, 
	110311030, 110311042, 110311048, 110311053, 110311073, 110311075, 
	110311101, 110311107, 110311112, 110311115, 110311127, 110312041, 
	110312045, 110313013, 110401001, 110404001, 110702002, 112301038, 
	112302073, 112302086, 112303003, 112304025, 112306029, 112306043, 
	112307026, 112307040, 113201008, 113201018, 113201021, 113204003, 
	114202008, 114203003, 114205001, 114205004, 115302053, 115303005, 
	115303011, 115303014, 115303022, 115303030, 115303056, 115303076, 
	115304010, 115304011, 115304020, 115304024, 115304037, 115304058, 
	115304068, 115304079, 115304101, 115304113, 115401001, 115401002, 
	115402002, 115402005, 115403001, 115404001, 115404002, 115404004, 
	115404007, 115404009, 116302009, 117301006, 117301010, 117301014, 
	117302004, 117302005, 117302011, 117302012, 117302017, 117302021, 
	117302051, 117302056, 117302058, 117303003, 117303005, 117304001, 
	117307008, 117308012, 117308018, 117310002, 117312002, 117312003, 
	117312004, 117312006, 117312007, 117312008, 117312012, 117312014, 
	117312015, 117312016, 117312017, 117312022, 117312023, 117312025, 
	117312026, 117312027, 117312028, 117312029, 117312033, 117312038, 
	117312039, 117312047, 117312048, 117401001, 117401002, 117402001, 
	117402002, 117402003, 117402009, 117402010, 117402011, 117402012, 
	117402013, 117402023, 117402025, 117402039, 117402051, 117402057, 
	117402058, 117402061, 117402067, 117402069, 117402076, 117402079, 
	117402087, 117402096, 117402097, 117402099, 117402100, 117402101, 
	117402104, 117402105, 117402108, 117402115, 117402119, 117402121, 
	117402122, 117402123, 117402124, 117402125, 117402126, 117402127, 
	117402129, 117402131, 117402132, 117402134, 117402136, 117402137, 
	117402139, 117402140, 117402144, 117402147, 117402149, 117402150, 
	117402152, 117402153, 117402156, 117402163, 117403001, 117403002, 
	117403003, 117403005, 117403007, 117403009, 117403011, 117403013, 
	118202010, 119203003, 119203005, 119204009, 133301029, 133301040, 
	133301041, 134201009, 134201020, 136101004, 136101014, 139301039, 
	160102001, 160102008, 161102013, 161102018, 161102021, 161103004, 
	161301004, 161301009, 164301002, 170101001, 170101006, 170201002, 
	171101011, 171101014, 172101003, 172101008, 173601001, 173601002, 
	174201014, 174201015, 174201033, 174201049, 175101001, 175102036, 
	181101025, 183301001, 183401001, 190301002, 190301023, 190302008, 
	190302009, 190302013, 190302014, 190401001, 190401006, 190401009, 
	190401010, 190401011, 190401014, 190401015, 190401017, 190401019, 
	190401020, 194101016, 195201001, 195201005, 260201005, 261201031, 
	270301006, 270301010, 270301042, 270301073, 273201002, 273201003, 
	273201013, 273201015, 274301001, 274301005, 280101010, 280101019, 
	281101042, 281101044, 282201008, 290101018, 291101006, 291101011, 
	291101025, 291102016, 291201022, 291301006, 292101006, 295101002, 
	295101008, 295101012, 295101014, 295201001, 295201011, 303101011, 
	303101017, 303102022, 303103001, 303103002, 303103010, 303103014, 
	303202001, 303203001, 303203007, 303204004, 327301029, 327301037, 
	327301061, 328101007, 328101009, 328101011, 329101007, 329101010, 
	329101026, 329101028, 330301016, 330301017, 330301042, 331601006, 
	331601007, 331601011, 331601032, 336101003, 336101023, 336101028, 
	337201001, 337201005, 338101017, 360401001, 360401002, 362101021, 
	363501002, 363501003, 365301024, 370602020, 370602023, 371401001, 
	371401020, 372101009, 374101022, 374101047, 401101007, 401101019, 
	401102010, 401104001, 401104005, 401104006, 401104011, 401104013, 
	401201007, 401201017, 401201020, 460102001, 460102007, 460102027, 
	461101001, 461101018, 464101048, 470101003, 470101016, 470102026, 
	470102068, 470103005, 471101002, 474101001, 474101008, 474101010, 
	474101011, 501305014, 501307005, 501307019, 501309020, 501309026, 
	501309028, 501309038, 501310041, 501310071, 501314021, 501314063, 
	501314085, 501315027, 501315078, 501316006, 501316007, 501317011, 
	501317015, 501317040, 501317089, 501401001, 501403001, 501403003, 
	501404003, 502301002, 502301004, 502301017, 502301022, 502301032, 
	502301049, 502301062, 560101004, 560101009, 561101016, 561101030, 
	561101038, 562201019, 562201021, 562201039, 601301006, 601301008, 
	601301011, 602101008, 603101003, 604501011, 604501012, 634204015, 
	636301007, 637101050, 667101008, 667104035, 667105020, 667106017, 
	667401001, 667401002, 668301027, 701101039, 701101045, 701101047, 
	701103001, 701103012, 701103028, 701103094, 702201012, 702202002, 
	702202003, 702501015, 703201004, 703201007, 727401001, 727401003, 
	727401004, 730301006, 730301011, 770101001, 774201018, 780102004, 
	780102007, 780102008, 780102012, 780102013, 780102014, 780102019, 
	781203022, 781203023, 790101019, 790101037, 790102031, 790102033, 
	790102040, 792101012, 794201010, 794201026, 801101002, 801101006, 
	801101010, 801101045, 801101046, 801102022, 801102023, 801103010, 
	801103015, 801103052, 801104010, 801104020, 801104025, 801301011, 
	801301042, 801301047, 801301050, 801302004, 801302006, 801302027, 
	803301004, 803302014, 803302022, 803303005, 803303006, 803303007, 
	803304022, 803304029, 803304030, 803307001, 803401001, 803401002, 
	803402001, 803402002, 803402003, 803403001, 803403002, 803403003, 
	803403004, 803403005, 803403007, 803403008, 803404001, 803404002, 
	803404003, 803404004, 803405002, 803405004, 804201001, 804202001, 
	804202002, 804202003, 826301018, 826301020, 826301021, 828201013, 
	861101008, 870301074, 870301136, 870301147, 870301180, 870303023, 
	870307019, 870307061, 870401001, 870401002, 870401005, 870401006, 
	870402001, 871101007, 871102006, 871102009, 871104004, 871104005, 
	872101024, 872101025, 872101030, 872102022, 872103021, 872103022, 
	872103047, 875101001, 890601020, 890601021, 890601033, 890601041, 
	891101025, 891301013, 960101023, 960101033, 960101040, 960102018, 
	960102033, 960102034, 960201022, 960202022, 960204003, 960204004, 
	960204051, 961101019, 961101020, 961101021, 965101015, 965203003, 
	980101001, 980101003, 990101007, 990203007, 994601011),